train_guid,influence,test_guid
0,0.19297465682029724,293
1,0.04851444065570831,293
2,-0.004311315715312958,293
3,0.004697442054748535,293
4,0.04851672425866127,293
5,0.03324311971664429,293
6,-0.018929898738861084,293
7,0.09340888261795044,293
8,0.015506577678024769,293
9,-0.2294144630432129,293
10,0.08758018165826797,293
11,0.07280109822750092,293
12,0.053619470447301865,293
13,0.029440855607390404,293
14,0.17448467016220093,293
15,-0.006887885741889477,293
16,-0.042829178273677826,293
17,0.005292173475027084,293
18,-0.10235807299613953,293
19,-0.15552955865859985,293
20,-0.049710921943187714,293
21,-0.45562058687210083,293
22,0.0010547989513725042,293
23,-0.028159314766526222,293
24,0.010862533003091812,293
25,-0.0004932992742396891,293
26,0.03892732411623001,293
27,-0.02634776011109352,293
28,-0.039182864129543304,293
29,0.03451169282197952,293
30,0.022134199738502502,293
31,0.002202387433499098,293
32,0.03366030380129814,293
33,0.029268501326441765,293
34,0.09399974346160889,293
35,-0.04785266891121864,293
36,-0.1161632314324379,293
37,-0.018928755074739456,293
38,0.010096235200762749,293
39,0.1517939567565918,293
40,0.27273842692375183,293
41,0.03429114818572998,293
42,0.1579379141330719,293
43,-0.026460988447070122,293
44,0.10678893327713013,293
45,-0.007325788028538227,293
46,-0.001143935020081699,293
47,0.24271976947784424,293
48,-0.042786963284015656,293
49,-0.0338088721036911,293
50,-0.05534519627690315,293
51,-0.08352504670619965,293
52,-0.06346199661493301,293
53,0.0020686620846390724,293
54,-0.044855158776044846,293
55,-0.03141161799430847,293
56,0.007518152706325054,293
57,-0.02502007782459259,293
58,-0.03688894212245941,293
59,0.002123490907251835,293
60,0.0029701534658670425,293
61,-0.0212046317756176,293
62,-0.05190080404281616,293
63,0.2658587694168091,293
64,0.20010614395141602,293
65,-0.00011708051897585392,293
66,0.1065681129693985,293
67,-0.01827206462621689,293
68,0.23806831240653992,293
69,-0.000913301482796669,293
70,0.025759253650903702,293
71,0.008545409888029099,293
72,0.014886786229908466,293
73,0.036599066108465195,293
74,0.14709189534187317,293
75,-0.015560638159513474,293
76,-0.04585285112261772,293
77,0.03533584251999855,293
78,0.1389615535736084,293
79,-0.033886756747961044,293
80,-0.007126195356249809,293
81,-0.035873740911483765,293
82,-0.16851644217967987,293
83,-0.017769984900951385,293
84,-0.018057914450764656,293
85,0.3031144142150879,293
86,0.006252512335777283,293
87,-0.03452460095286369,293
88,-0.01594981551170349,293
89,0.010360628366470337,293
90,0.10925230383872986,293
91,-0.6157947778701782,293
92,0.028299003839492798,293
93,-0.016214758157730103,293
94,-0.2986738979816437,293
95,0.016250677406787872,293
96,0.016596604138612747,293
97,-0.15176798403263092,293
98,-0.005303443409502506,293
99,-0.009889026172459126,293
100,0.06899817287921906,293
101,0.014913702383637428,293
102,-0.05924204736948013,293
103,-0.08690990507602692,293
104,0.014698376879096031,293
105,-0.31108230352401733,293
106,0.25663337111473083,293
107,0.08730333298444748,293
108,-0.046392932534217834,293
109,0.012110702693462372,293
110,0.12118148803710938,293
111,0.02784399874508381,293
112,-0.0021202501375228167,293
113,-0.0012291723396629095,293
114,0.04882347583770752,293
115,-0.08003272861242294,293
116,0.11737079173326492,293
117,-0.09913308918476105,293
118,-0.04393164813518524,293
119,0.27753663063049316,293
120,-0.007708183955401182,293
121,0.050475507974624634,293
122,0.0005970227066427469,293
123,0.0859706774353981,293
124,-0.03322353959083557,293
125,0.03417167067527771,293
126,-0.045588620007038116,293
127,-0.00012079709267709404,293
128,-0.005203922279179096,293
129,-0.07524721324443817,293
130,0.026555374264717102,293
131,0.35357630252838135,293
132,-0.002713180147111416,293
133,0.004960512742400169,293
134,-0.02538912743330002,293
135,-0.20485520362854004,293
136,-0.01194328349083662,293
137,-0.05046789348125458,293
138,0.008089924231171608,293
139,0.16574250161647797,293
140,-0.024978140369057655,293
141,-0.005586525425314903,293
142,-0.06541366875171661,293
143,0.1896873265504837,293
144,-0.01348656602203846,293
145,-0.0416279137134552,293
146,0.25620007514953613,293
147,-0.004983729217201471,293
148,0.024260569363832474,293
149,-0.1711558699607849,293
150,-0.0003766388399526477,293
151,-0.042896345257759094,293
152,0.07408136129379272,293
153,-0.05923588201403618,293
154,0.28569766879081726,293
155,0.09599550068378448,293
156,0.006588169373571873,293
157,-0.044530611485242844,293
158,-0.03457634523510933,293
159,0.02706705592572689,293
160,-0.17808440327644348,293
161,0.032166987657547,293
162,-0.010478873737156391,293
163,-0.017703674733638763,293
164,0.033494800329208374,293
165,0.051703330129384995,293
166,-0.0368141233921051,293
167,-0.2744111716747284,293
168,-0.37745994329452515,293
169,0.1719561219215393,293
170,0.03087802045047283,293
171,-0.003401990979909897,293
172,-0.3354443907737732,293
173,0.07336010783910751,293
174,-0.003184662200510502,293
175,0.23800024390220642,293
176,-0.021601477637887,293
177,0.06313659995794296,293
178,-0.009426575154066086,293
179,-0.006785416044294834,293
180,0.07860876619815826,293
181,-0.04803699627518654,293
182,-0.24343332648277283,293
183,0.1422937959432602,293
184,-0.057298578321933746,293
185,-0.11468065530061722,293
186,0.76340252161026,293
187,0.1503998041152954,293
188,-0.010406740941107273,293
189,0.030190229415893555,293
190,0.6755069494247437,293
191,-0.14683623611927032,293
192,0.08072692900896072,293
193,0.18833324313163757,293
194,0.03574098274111748,293
195,0.034220121800899506,293
196,-0.13850930333137512,293
197,-0.04645407572388649,293
198,-0.007538528181612492,293
199,0.00017530051991343498,293
200,0.018691333010792732,293
201,-0.04140078276395798,293
202,0.20062534511089325,293
203,0.04224932938814163,293
204,-0.00985140074044466,293
205,-0.0017007155111059546,293
206,-0.15429943799972534,293
207,0.09293336421251297,293
208,-0.010234637185931206,293
209,0.06655493378639221,293
210,-0.0384555459022522,293
211,0.00785358902066946,293
212,-0.2772305905818939,293
213,0.25990352034568787,293
214,0.021920304745435715,293
215,0.005692624486982822,293
216,0.050087496638298035,293
217,0.09960803389549255,293
218,0.05681130662560463,293
219,-0.0023383493535220623,293
220,-0.011745406314730644,293
221,0.014374835416674614,293
222,-0.02607467956840992,293
223,-0.016277378425002098,293
224,-0.12177135050296783,293
225,-0.0794268399477005,293
226,-0.1709575653076172,293
227,-0.007051339838653803,293
228,0.06431984901428223,293
229,-0.12103960663080215,293
230,-0.06637601554393768,293
231,-0.02940458059310913,293
232,-0.0747043788433075,293
233,0.0032327501103281975,293
234,0.006550198420882225,293
235,-0.0016081701032817364,293
236,0.0366988331079483,293
237,0.1884908527135849,293
238,0.01597810536623001,293
239,-0.03617294132709503,293
240,0.013732497580349445,293
241,0.15233640372753143,293
242,0.37796342372894287,293
243,-0.012124015018343925,293
244,0.18955740332603455,293
245,-0.03156820684671402,293
246,-0.34347403049468994,293
247,0.05758154019713402,293
248,0.0346248596906662,293
249,0.03035266324877739,293
250,0.00022878497838974,293
251,0.034660909324884415,293
252,0.009606893174350262,293
253,0.03236858919262886,293
254,0.08302746713161469,293
255,0.0027888996992260218,293
256,-0.00514168431982398,293
257,0.10566064715385437,293
258,-0.07416030764579773,293
259,-0.014476299285888672,293
260,-9.768642485141754e-05,293
261,-0.04870600253343582,293
262,0.2116439938545227,293
263,-0.02231578528881073,293
264,-0.015526705421507359,293
265,-0.02871224470436573,293
266,0.08898986130952835,293
267,-0.021585818380117416,293
268,0.002469907747581601,293
269,0.006404637359082699,293
270,0.022858986631035805,293
271,-0.009275853633880615,293
272,0.45550447702407837,293
273,0.022782623767852783,293
274,-0.11276860535144806,293
275,-0.06698779761791229,293
276,-0.0008772150613367558,293
277,-0.02000764012336731,293
278,-0.009093769825994968,293
279,0.06838487088680267,293
280,-0.03527207672595978,293
281,-0.08281216025352478,293
282,0.09141421318054199,293
283,-0.08608713746070862,293
284,0.013853732496500015,293
285,0.05527767539024353,293
286,-0.016344770789146423,293
287,-0.022438764572143555,293
288,-0.0014197776326909661,293
289,-0.01611853949725628,293
290,-0.3141610622406006,293
291,-0.05981738120317459,293
292,-0.1271054893732071,293
293,0.10151511430740356,293
294,-0.005968487821519375,293
295,0.027120258659124374,293
296,-0.037269435822963715,293
297,0.10502403229475021,293
298,-0.018586253747344017,293
299,-0.08559893071651459,293
300,-0.006864639930427074,293
301,-0.013319887220859528,293
302,0.19821201264858246,293
303,-0.02248396724462509,293
304,-0.03595155477523804,293
305,-0.0038313609547913074,293
306,-0.008831777609884739,293
307,0.06286270916461945,293
308,-0.00020766642410308123,293
309,-0.05302942544221878,293
310,-0.021967999637126923,293
311,-0.250469446182251,293
312,-0.009952154010534286,293
313,0.006746129132807255,293
314,0.03844593092799187,293
315,-0.0935826301574707,293
316,-0.010396072641015053,293
317,-0.021407321095466614,293
318,-0.06250044703483582,293
319,-0.14876072108745575,293
320,0.02195986546576023,293
321,-0.009958114475011826,293
322,-0.010550257749855518,293
323,0.050868451595306396,293
324,-0.001965736271813512,293
325,-0.10994485765695572,293
326,0.28455498814582825,293
327,-0.002208446152508259,293
328,0.02160026878118515,293
329,-0.0013716280227527022,293
330,0.0667286291718483,293
331,0.05112484470009804,293
332,-0.005494873970746994,293
333,0.4725971519947052,293
334,0.041390009224414825,293
335,-0.005495134741067886,293
336,0.05605434626340866,293
337,0.017944563180208206,293
338,-0.023193497210741043,293
339,-0.04514799267053604,293
340,-0.13567446172237396,293
341,0.3145410418510437,293
342,-0.1785842776298523,293
343,0.01670205220580101,293
344,-0.06439052522182465,293
345,-0.007135815918445587,293
346,0.007417979184538126,293
347,-0.24103954434394836,293
348,-0.07870393991470337,293
349,-0.031845368444919586,293
350,-0.05678685009479523,293
351,0.05845256894826889,293
352,0.0018096223939210176,293
353,-0.011085215955972672,293
354,-0.033305712044239044,293
355,-0.05515684932470322,293
356,0.024672603234648705,293
357,0.05766946077346802,293
358,-0.0021465218160301447,293
359,-0.011590881273150444,293
360,0.05790259689092636,293
361,-0.09757977724075317,293
362,0.0739733874797821,293
363,0.04793243482708931,293
364,0.006475846283137798,293
365,0.029842324554920197,293
366,0.08060654252767563,293
367,0.05302547290921211,293
368,-0.006681576371192932,293
369,-0.01548648439347744,293
370,-0.04432599991559982,293
371,-0.008800455369055271,293
372,-0.050653859972953796,293
373,0.012847268022596836,293
374,-0.007328602485358715,293
375,0.04773259535431862,293
376,-0.013031864538788795,293
377,-0.01033092476427555,293
378,-0.0050318604335188866,293
379,-0.009517854079604149,293
380,-0.03563612699508667,293
381,-0.0008228171500377357,293
382,-0.10875850915908813,293
383,0.040335290133953094,293
384,-0.02799488976597786,293
385,0.20449519157409668,293
386,-0.0015389660838991404,293
387,-0.005400951020419598,293
388,-0.004540357273072004,293
389,-0.15148337185382843,293
390,0.014078095555305481,293
391,0.029077481478452682,293
392,0.013735808432102203,293
393,0.19079157710075378,293
394,0.03960814327001572,293
395,0.04831128567457199,293
396,-0.0028827658388763666,293
397,-0.18682259321212769,293
398,0.03891395032405853,293
399,0.0016279872506856918,293
400,0.08524146676063538,293
401,-0.016042716801166534,293
402,-0.6753255724906921,293
403,0.1129176914691925,293
404,0.0203856248408556,293
405,-0.08558688312768936,293
406,-0.0003679986111819744,293
407,-0.09404466301202774,293
408,0.027161158621311188,293
409,-0.184300035238266,293
410,-0.23288804292678833,293
411,0.05255648121237755,293
412,-0.011384675279259682,293
413,-0.09499780833721161,293
414,-0.07730235159397125,293
415,-0.03571350872516632,293
416,-0.06727932393550873,293
417,-0.36501795053482056,293
418,-0.031685590744018555,293
419,-0.009874667041003704,293
420,0.0009466642513871193,293
421,-0.09885235130786896,293
422,-0.04586774483323097,293
423,0.07715313136577606,293
424,-0.018376870080828667,293
425,0.12500348687171936,293
426,-0.004475729539990425,293
427,-0.1208774521946907,293
428,0.019392013549804688,293
429,-0.009108612313866615,293
430,0.23942893743515015,293
431,0.09493626654148102,293
432,-0.009911882691085339,293
433,0.1346961110830307,293
434,-0.004707768559455872,293
435,0.007422676309943199,293
436,-0.010814032517373562,293
437,0.0021216915920376778,293
438,-0.10823477804660797,293
439,0.06643886119127274,293
440,-0.018132850527763367,293
441,0.08586147427558899,293
442,0.09079136699438095,293
443,0.04339899122714996,293
444,-0.0530892014503479,293
445,-0.02568730339407921,293
446,-0.11687032133340836,293
447,0.08392910659313202,293
448,0.01026645302772522,293
449,0.018670760095119476,293
450,-0.07823137193918228,293
451,-0.0072776745073497295,293
452,0.001712992787361145,293
453,-0.09853249043226242,293
454,0.005874433554708958,293
455,-0.018488656729459763,293
456,-0.036921173334121704,293
457,-0.0032462934032082558,293
458,0.03578760474920273,293
459,-0.1880113035440445,293
460,-0.0009104356868192554,293
461,-0.018298644572496414,293
462,0.19254383444786072,293
463,0.0022866614162921906,293
464,0.2855706214904785,293
465,-0.0212351493537426,293
466,-0.13343137502670288,293
467,0.08938850462436676,293
468,0.07817254960536957,293
469,0.02438712865114212,293
470,0.0006651710718870163,293
471,-0.011651670560240746,293
472,-0.13929858803749084,293
473,-0.0018865333404392004,293
474,0.1945519745349884,293
475,0.16501015424728394,293
476,0.03532571345567703,293
477,-0.00581007543951273,293
478,-0.005427634809166193,293
479,0.006661796011030674,293
480,0.08260975033044815,293
481,0.0009557576850056648,293
482,0.035301484167575836,293
483,-0.006777523085474968,293
484,-0.01761004701256752,293
485,-0.0053495620377361774,293
486,-0.12251335382461548,293
487,0.02267465926706791,293
488,-0.2591606378555298,293
489,-0.011861437931656837,293
490,-0.05858524888753891,293
491,-0.004184863064438105,293
492,-0.15317867696285248,293
493,0.008092894218862057,293
494,-0.001241050660610199,293
495,0.010409611277282238,293
496,0.06231978163123131,293
497,0.017551513388752937,293
498,-0.28027352690696716,293
499,-0.004005256108939648,293
500,-0.005870935507118702,293
501,-0.0559728778898716,293
502,-0.09428250789642334,293
503,-0.06201747804880142,293
504,-0.00036752689629793167,293
505,0.0037676244974136353,293
506,0.22572140395641327,293
507,-0.01758756674826145,293
508,0.021866878494620323,293
509,-0.0011298742610961199,293
510,0.04607829451560974,293
511,-0.018524669110774994,293
512,0.19015085697174072,293
513,-0.0039019822143018246,293
514,-0.005795974284410477,293
515,-0.08359675109386444,293
516,-0.1446952372789383,293
517,-0.010296398773789406,293
518,0.054916128516197205,293
519,-0.21693161129951477,293
520,0.0011903203558176756,293
521,-0.009952913969755173,293
522,-0.023077694699168205,293
523,-0.0020707405637949705,293
524,0.038977887481451035,293
525,-0.002046852605417371,293
526,0.20615988969802856,293
527,-0.01886172778904438,293
528,-0.032363105565309525,293
529,0.09515248239040375,293
530,-0.03131099045276642,293
531,0.030715294182300568,293
532,-0.049403607845306396,293
533,-0.010074444115161896,293
534,0.012150339782238007,293
535,0.04796643555164337,293
536,0.24630555510520935,293
537,0.09789245575666428,293
538,-0.02446998655796051,293
539,0.049276188015937805,293
540,0.023038439452648163,293
541,0.051063112914562225,293
542,-0.00381535105407238,293
543,0.20043954253196716,293
544,-0.03741259127855301,293
545,-0.03876156359910965,293
546,0.06514094769954681,293
547,-0.001858120784163475,293
548,-0.0075872503221035,293
549,0.26268622279167175,293
550,-0.0013031261041760445,293
551,-0.005357206333428621,293
552,0.023560374975204468,293
553,-0.003389560617506504,293
554,0.08048288524150848,293
555,0.005474746692925692,293
556,0.1733717918395996,293
557,-0.03208162635564804,293
558,0.016019906848669052,293
559,0.002456218935549259,293
560,0.03894548863172531,293
561,-0.010946415364742279,293
562,0.20235437154769897,293
563,0.007199247367680073,293
564,0.12191051244735718,293
565,-0.1379435658454895,293
566,0.03896089643239975,293
567,0.017021216452121735,293
568,0.016345031559467316,293
569,-0.026416204869747162,293
570,0.25939419865608215,293
571,0.028041929006576538,293
572,-0.018631579354405403,293
573,-0.004330087918788195,293
574,-0.030915433540940285,293
575,-0.0891241580247879,293
576,0.031012404710054398,293
577,-0.004885449074208736,293
578,0.0008496753871440887,293
579,-0.036270834505558014,293
580,-0.028090283274650574,293
581,0.25756269693374634,293
582,-0.004767082631587982,293
583,-0.18134768307209015,293
584,-0.09039711207151413,293
585,-0.05964546278119087,293
586,0.03771402686834335,293
587,0.20836129784584045,293
588,0.1267108917236328,293
589,0.00768720917403698,293
590,0.2771700322628021,293
591,0.02906077355146408,293
592,0.2901765704154968,293
593,-0.11921849846839905,293
594,0.1902536302804947,293
595,-0.01874072477221489,293
596,-0.02871418371796608,293
597,-0.001145913265645504,293
598,0.11373858153820038,293
599,0.04834717512130737,293
600,0.003474148456007242,293
601,0.18443357944488525,293
602,-0.03797402232885361,293
603,-0.011452835984528065,293
604,0.0390627384185791,293
605,-0.007749558426439762,293
606,0.04120800644159317,293
607,-0.14834198355674744,293
608,-0.0018379506655037403,293
609,-0.0375039279460907,293
610,-0.004214572720229626,293
611,0.08613332360982895,293
612,-0.0049281613901257515,293
613,-0.0959274023771286,293
614,-0.17217198014259338,293
615,0.06807507574558258,293
616,0.029943522065877914,293
617,0.436485230922699,293
618,-0.009205547161400318,293
619,-0.225354865193367,293
620,-0.04549446702003479,293
621,-0.051582515239715576,293
622,0.0023099174723029137,293
623,0.013973750174045563,293
624,-0.12998543679714203,293
625,0.0014904456911608577,293
626,0.015382637269794941,293
627,0.006868672091513872,293
628,-0.00043536070734262466,293
629,-0.01585811749100685,293
630,-0.04357186332345009,293
631,-0.00012999982573091984,293
632,-0.0010257584508508444,293
633,-0.015259180217981339,293
634,-0.022585615515708923,293
635,0.5175466537475586,293
636,-0.5042514204978943,293
637,0.020280683413147926,293
638,0.01528087630867958,293
639,-0.0048797656781971455,293
640,-0.04526609927415848,293
641,-0.005484982393682003,293
642,0.09749341011047363,293
643,-0.019408993422985077,293
644,0.0044416021555662155,293
645,-0.26385852694511414,293
646,0.030573584139347076,293
647,0.05008748173713684,293
648,0.00842722412198782,293
649,-0.15499632060527802,293
650,0.2702583074569702,293
651,-0.02723006345331669,293
652,-0.03196737542748451,293
653,-0.17332302033901215,293
654,0.02336585335433483,293
655,-0.006569101475179195,293
656,-0.14643990993499756,293
657,-0.03036118857562542,293
658,-0.024307817220687866,293
659,0.017217684537172318,293
660,-0.023357076570391655,293
661,-0.0049376292154192924,293
662,-0.013490336015820503,293
663,-0.0435774028301239,293
664,-0.0008233092958107591,293
665,-0.10650937259197235,293
666,0.0017726034857332706,293
667,0.05588316172361374,293
668,-0.039535894989967346,293
669,-0.13410666584968567,293
670,0.06811601668596268,293
671,0.00312445149756968,293
672,-0.009708261117339134,293
673,0.0027047661133110523,293
674,-0.6205989122390747,293
675,-0.3632364273071289,293
676,-0.17246483266353607,293
677,-0.1200791597366333,293
678,0.15712693333625793,293
679,0.16015775501728058,293
680,0.01719290018081665,293
681,-0.6662759780883789,293
682,-0.008526479825377464,293
683,-0.007568328641355038,293
684,0.01794431358575821,293
685,0.35250914096832275,293
686,-0.39359742403030396,293
687,-0.09722918272018433,293
688,-0.13236935436725616,293
689,-0.46135151386260986,293
690,0.008703408762812614,293
691,-0.09890132397413254,293
692,0.004145472310483456,293
693,-0.4595831632614136,293
694,0.005766693502664566,293
695,-0.00790974497795105,293
696,0.08316609263420105,293
697,-0.00780452461913228,293
698,-0.0077445534989237785,293
699,0.06148606538772583,293
700,0.010905388742685318,293
701,0.0011873908806592226,293
702,0.010074295103549957,293
703,0.029288634657859802,293
704,0.02648424729704857,293
705,0.04548466205596924,293
706,-0.01671333983540535,293
707,0.007104160264134407,293
708,-0.005877039395272732,293
709,-0.005983489099889994,293
710,0.3212242126464844,293
711,-0.002492558676749468,293
712,0.15664204955101013,293
713,-0.05982175096869469,293
714,-0.0014455467462539673,293
715,0.06495046615600586,293
716,0.10550014674663544,293
717,0.0002699202159419656,293
718,-0.11154510825872421,293
719,-0.054055605083703995,293
720,0.024941859766840935,293
721,0.06820689886808395,293
722,0.3021591901779175,293
723,0.10425012558698654,293
724,-0.08851322531700134,293
725,-0.00046779774129390717,293
726,-0.010744493454694748,293
727,0.057550475001335144,293
728,-0.13431265950202942,293
729,-0.009598704054951668,293
730,-0.005438806489109993,293
731,-0.05326671898365021,293
732,-0.067249596118927,293
733,-0.026894640177488327,293
734,-0.002357286401093006,293
735,-0.0320466011762619,293
736,-0.10771448910236359,293
737,-0.002334579126909375,293
738,-0.08815047144889832,293
739,-0.12060797959566116,293
740,0.11371097713708878,293
741,-0.06104343757033348,293
742,-0.09710858762264252,293
743,-0.010455428622663021,293
744,-0.0213775672018528,293
745,0.23664590716362,293
746,-0.6045066118240356,293
747,0.012463608756661415,293
748,-0.11817651987075806,293
749,-0.17342987656593323,293
750,0.00208259467035532,293
751,-0.13666875660419464,293
752,-0.0008149788482114673,293
753,0.033609580248594284,293
754,0.008454492315649986,293
755,0.0271927360445261,293
756,-0.08064032346010208,293
757,0.05077255144715309,293
758,0.16652728617191315,293
759,-0.005725861061364412,293
760,-0.013808020390570164,293
761,0.404712051153183,293
762,-0.06435706466436386,293
763,-0.08478900790214539,293
764,0.02636301890015602,293
765,0.15041792392730713,293
766,-0.039604850113391876,293
767,-0.002919320482760668,293
768,0.021281467750668526,293
769,0.002230284968391061,293
770,-0.5476117730140686,293
771,0.16297784447669983,293
772,-0.0014535412192344666,293
773,-0.008283738046884537,293
774,0.001805226318538189,293
775,0.011167728342115879,293
776,0.005429476965218782,293
777,0.10277825593948364,293
778,-0.0013098823837935925,293
779,-0.16818813979625702,293
780,-0.09365841746330261,293
781,-0.0011157079134136438,293
782,0.016966283321380615,293
783,-0.012090728618204594,293
784,0.00024121743626892567,293
785,0.0660577267408371,293
786,-0.034160614013671875,293
787,0.010173501446843147,293
788,-0.02038886770606041,293
789,-0.06172749772667885,293
790,0.03809082508087158,293
791,-0.12572094798088074,293
792,-0.2233988642692566,293
793,-0.008620674721896648,293
794,-0.01633252575993538,293
795,-0.007862217724323273,293
796,0.08978229016065598,293
797,-0.0037990752607584,293
798,0.07674264907836914,293
799,-0.045974910259246826,293
800,-0.004135217517614365,293
801,-0.0501512847840786,293
802,-0.01898398995399475,293
803,0.014075970277190208,293
804,-0.014018548652529716,293
805,-0.04477734491229057,293
806,-0.03453226014971733,293
807,-0.05199642479419708,293
808,0.010199284180998802,293
809,0.11603701859712601,293
810,-0.004374993499368429,293
811,0.044828787446022034,293
812,-0.0009617095347493887,293
813,-0.023839246481657028,293
814,0.2982392907142639,293
815,-0.02855319157242775,293
816,-0.011746801435947418,293
817,-0.03602845221757889,293
818,-0.012333327904343605,293
819,-0.34461331367492676,293
820,0.15256735682487488,293
821,-0.03456369787454605,293
822,-0.000605905894190073,293
823,-0.020468004047870636,293
824,-0.17288057506084442,293
825,0.2287367880344391,293
826,-0.03796027600765228,293
827,-0.09128592908382416,293
828,-0.004837113432586193,293
829,-0.08844858407974243,293
830,0.057919085025787354,293
831,-0.01638001762330532,293
832,0.007691703271120787,293
833,0.002812072169035673,293
834,-0.008817377500236034,293
835,0.012716114521026611,293
836,0.10910701751708984,293
837,-0.17178788781166077,293
838,-0.3131091594696045,293
839,-0.0005132029764354229,293
840,-0.016343122348189354,293
841,-0.000944273779168725,293
842,0.04721234366297722,293
843,0.29746145009994507,293
844,-0.0061778901144862175,293
845,0.039337415248155594,293
846,-0.0013327861670404673,293
847,0.24420857429504395,293
848,-0.03548389673233032,293
849,-0.024363748729228973,293
850,0.06023787707090378,293
851,0.1302889883518219,293
852,0.0013137925416231155,293
853,0.0014014889020472765,293
854,-0.041346363723278046,293
855,0.1405559629201889,293
856,0.07501865923404694,293
857,-0.021214986220002174,293
858,-0.0027051654178649187,293
859,0.0010715960524976254,293
860,0.002996368333697319,293
861,-0.7926048636436462,293
862,-0.03461742028594017,293
863,0.04211536794900894,293
864,0.0025952262803912163,293
865,-0.02701422944664955,293
866,0.0055444492027163506,293
867,0.17341503500938416,293
868,0.8089615106582642,293
869,0.07618184387683868,293
870,-0.013687641359865665,293
871,0.10301048308610916,293
872,0.0769176185131073,293
873,-0.6615917682647705,293
874,-0.09597532451152802,293
875,-0.008567252196371555,293
876,-0.007147962227463722,293
877,-0.0010172619950026274,293
878,0.09135584533214569,293
879,-0.2756354510784149,293
880,0.01794920489192009,293
881,-0.004464056342840195,293
882,0.054837554693222046,293
883,0.011788584291934967,293
884,0.021303236484527588,293
885,-0.009991908445954323,293
886,-0.17253857851028442,293
887,-0.01583097130060196,293
888,0.06817122548818588,293
889,-0.07581879198551178,293
890,0.004267028532922268,293
891,0.021355126053094864,293
892,-0.004992397502064705,293
893,-0.01783984899520874,293
894,0.014933699741959572,293
895,-0.004013632889837027,293
896,-0.06670024245977402,293
897,0.039280131459236145,293
898,-0.10493271052837372,293
899,-0.003343288553878665,293
900,0.02441534772515297,293
901,0.0338565818965435,293
902,0.006158893927931786,293
903,0.15681836009025574,293
904,0.05022379755973816,293
905,0.01513608731329441,293
906,-0.002325433772057295,293
907,-0.00836489163339138,293
908,0.04603792354464531,293
909,0.027285471558570862,293
910,-0.39382651448249817,293
911,0.25668177008628845,293
912,0.10115986317396164,293
913,-0.16036087274551392,293
914,-0.05542398616671562,293
915,-0.006695901975035667,293
916,-0.14702540636062622,293
917,-0.2298174798488617,293
918,-0.3919970989227295,293
919,0.06339988857507706,293
920,0.27713456749916077,293
921,0.06862339377403259,293
922,0.029349103569984436,293
923,0.05396163836121559,293
924,0.12074260413646698,293
925,-0.010312166064977646,293
926,-0.05403529852628708,293
927,-0.0011601508595049381,293
928,-0.05667643994092941,293
929,-0.004528313875198364,293
930,-0.03206918388605118,293
931,-0.09987989813089371,293
932,-0.041514113545417786,293
933,0.4645043611526489,293
934,0.004225169308483601,293
935,0.05216477811336517,293
936,-0.05570405721664429,293
937,0.01065893191844225,293
938,0.020116213709115982,293
939,-0.004162636585533619,293
940,-0.013106171041727066,293
941,0.032681260257959366,293
942,0.014688781462609768,293
943,-0.03104114532470703,293
944,0.09147688746452332,293
945,-0.02235976606607437,293
946,-0.4426630139350891,293
947,-0.01357018668204546,293
948,0.0535421296954155,293
949,0.007024284452199936,293
950,0.07444550096988678,293
951,-0.016404345631599426,293
952,0.003191505093127489,293
953,-0.000222841277718544,293
954,0.08956028521060944,293
955,0.016254274174571037,293
956,-0.08617405593395233,293
957,0.0163893885910511,293
958,-0.1322096437215805,293
959,-0.00410161167383194,293
960,-0.06570576131343842,293
961,0.01076723076403141,293
962,-0.342615008354187,293
963,-0.09112468361854553,293
964,-0.028750725090503693,293
965,-0.042279064655303955,293
966,0.0048211729153990746,293
967,0.11717315018177032,293
968,-0.012322214432060719,293
969,-0.01658470183610916,293
970,-0.04253947362303734,293
971,0.05073893442749977,293
972,-0.1119130477309227,293
973,-0.01854212023317814,293
974,-0.1086680144071579,293
975,0.16126595437526703,293
976,0.1782396137714386,293
977,0.04547020047903061,293
978,-0.03103758580982685,293
979,-0.002702111843973398,293
980,-0.004523607902228832,293
981,0.022331103682518005,293
982,-0.06575854122638702,293
983,-0.01947319693863392,293
984,0.2648829519748688,293
985,-0.04756425321102142,293
986,0.006141613237559795,293
987,-0.09265866875648499,293
988,-0.021649399772286415,293
989,-0.005729061551392078,293
990,0.019508475437760353,293
991,-0.012247893959283829,293
992,-0.10045275092124939,293
993,-0.0006327046430669725,293
994,-0.028688110411167145,293
995,0.3796422779560089,293
996,0.0405045785009861,293
997,0.007649353239685297,293
998,0.03528601676225662,293
999,0.0038363561034202576,293
1000,-0.003503033658489585,293
1001,-0.029117800295352936,293
1002,-0.0006459997966885567,293
1003,-0.024706950411200523,293
1004,0.0889044851064682,293
1005,0.033843450248241425,293
1006,0.019012905657291412,293
1007,-0.8481868505477905,293
1008,0.1126784235239029,293
1009,0.5381888151168823,293
1010,0.012868465855717659,293
1011,-0.05748481675982475,293
1012,0.009727900847792625,293
1013,0.05350970849394798,293
1014,-0.009360497817397118,293
1015,-0.031489383429288864,293
1016,-0.00106305000372231,293
1017,-0.042898207902908325,293
1018,0.003298923373222351,293
1019,0.013832787983119488,293
1020,-0.0008915950893424451,293
1021,-0.02576357312500477,293
1022,0.013842635788023472,293
1023,-0.13370928168296814,293
1024,0.061692267656326294,293
1025,-0.038586635142564774,293
1026,-0.01190986018627882,293
1027,0.03678765892982483,293
1028,-0.053199511021375656,293
1029,0.00924954004585743,293
1030,0.06298405677080154,293
1031,-0.3797900676727295,293
1032,0.022472107782959938,293
1033,-0.06482276320457458,293
1034,0.0020634252578020096,293
1035,-0.0017818583874031901,293
1036,-0.013581611216068268,293
1037,0.016099682077765465,293
1038,0.00809535663574934,293
1039,-0.06835217773914337,293
1040,-0.12642687559127808,293
1041,0.04686189442873001,293
1042,-0.0006324968999251723,293
1043,-0.018416395410895348,293
1044,-0.0453701913356781,293
1045,-0.009832136332988739,293
1046,0.0022960705682635307,293
1047,-0.008141604252159595,293
1048,-0.021467357873916626,293
1049,-0.020867379382252693,293
1050,-0.015603883191943169,293
1051,0.0007088575512170792,293
1052,0.0012858305126428604,293
1053,0.004844029434025288,293
1054,0.1286841481924057,293
1055,-0.005255959462374449,293
1056,0.03504626452922821,293
1057,0.03802860900759697,293
1058,-0.011630494147539139,293
1059,0.03273937851190567,293
1060,-0.045621853321790695,293
1061,0.08915446698665619,293
1062,0.07973724603652954,293
1063,-0.09515557438135147,293
1064,-0.008084401488304138,293
1065,-0.008721369318664074,293
1066,0.17882531881332397,293
1067,-0.0609830878674984,293
1068,-0.6588186025619507,293
1069,0.0018835228402167559,293
1070,0.11521926522254944,293
1071,0.027399146929383278,293
1072,0.021743418648838997,293
1073,-0.2172725647687912,293
1074,0.03143651783466339,293
1075,-0.02088998630642891,293
1076,0.24826976656913757,293
1077,-0.04805203527212143,293
1078,0.19584929943084717,293
1079,0.002801841590553522,293
1080,-0.33943623304367065,293
1081,-0.06071503087878227,293
1082,-0.025972910225391388,293
1083,-0.030050722882151604,293
1084,-0.015047215856611729,293
1085,-0.043860793113708496,293
1086,0.015648873522877693,293
1087,0.037683580070734024,293
1088,-0.10269685089588165,293
1089,-0.02588324248790741,293
1090,-0.03760688751935959,293
1091,0.02673482894897461,293
1092,0.24464593827724457,293
1093,0.01917637512087822,293
1094,0.026742704212665558,293
1095,0.014167031273245811,293
1096,0.0673510730266571,293
1097,0.10526388883590698,293
1098,-0.017178207635879517,293
1099,-0.10271374881267548,293
1100,0.022353099659085274,293
1101,-0.11602643132209778,293
1102,-0.04449056461453438,293
1103,-0.05204632878303528,293
1104,-0.10626251995563507,293
1105,0.004595519974827766,293
1106,0.0017091602785512805,293
1107,0.06616088002920151,293
1108,-0.06403177231550217,293
1109,0.05394311621785164,293
1110,-0.055067967623472214,293
1111,-0.019778219982981682,293
1112,0.07767097651958466,293
1113,-0.07991456985473633,293
1114,-0.001190652372315526,293
1115,0.6637487411499023,293
1116,0.034373074769973755,293
1117,0.01659560203552246,293
1118,-0.06327959895133972,293
1119,0.05164534971117973,293
1120,0.0956093892455101,293
1121,-0.4717407822608948,293
1122,0.2914120554924011,293
1123,0.07332278788089752,293
1124,-0.10981258749961853,293
1125,0.22030910849571228,293
1126,-0.0016364780021831393,293
1127,0.18353484570980072,293
1128,0.020051054656505585,293
1129,0.04017523676156998,293
1130,-0.0015899278223514557,293
1131,-0.009461551904678345,293
1132,0.43085402250289917,293
1133,0.07381480932235718,293
1134,-0.07839597761631012,293
1135,0.07249046862125397,293
1136,0.07109365612268448,293
1137,-0.010445387102663517,293
1138,-0.14303508400917053,293
1139,-0.05085944011807442,293
1140,-0.03242375701665878,293
1141,0.0028857565484941006,293
1142,-0.0856495350599289,293
1143,-0.007260477636009455,293
1144,0.009652678854763508,293
1145,-0.006646348629146814,293
1146,-0.0231081023812294,293
1147,0.10566741228103638,293
1148,0.053074441850185394,293
1149,-0.0006269515724852681,293
1150,0.0034016401041299105,293
1151,0.04099966213107109,293
1152,-0.01267953496426344,293
1153,-0.018539290875196457,293
1154,0.041096508502960205,293
1155,-0.029998792335391045,293
1156,-0.010961076244711876,293
1157,-0.21708279848098755,293
1158,-0.005274611059576273,293
1159,-0.0884319320321083,293
1160,-0.25886744260787964,293
1161,0.02126239240169525,293
1162,-0.004938631318509579,293
1163,0.0008326019160449505,293
1164,0.17849913239479065,293
1165,-0.3307037353515625,293
1166,0.003418148495256901,293
1167,0.07051233947277069,293
1168,-0.01447775587439537,293
1169,0.3485376834869385,293
1170,0.013213738799095154,293
1171,-0.1239941194653511,293
1172,0.05215428024530411,293
1173,0.0031673149205744267,293
1174,0.0927555039525032,293
1175,-0.07133790850639343,293
1176,-0.02074584737420082,293
1177,0.07272294163703918,293
1178,0.02698354236781597,293
1179,-0.5738502740859985,293
1180,0.004127819091081619,293
1181,0.04129008576273918,293
1182,0.09070449322462082,293
1183,0.02420252189040184,293
1184,0.025490809231996536,293
1185,0.10281118750572205,293
1186,0.021759996190667152,293
1187,0.005425173323601484,293
1188,0.10800737142562866,293
1189,0.10839389264583588,293
1190,-0.15313401818275452,293
1191,0.02210131101310253,293
1192,-0.042931266129016876,293
1193,-0.08549100160598755,293
1194,0.01000924315303564,293
1195,0.0008305707015097141,293
1196,-0.031018007546663284,293
1197,-0.06681221723556519,293
1198,-0.17640025913715363,293
1199,-0.022027187049388885,293
1200,-0.014591014012694359,293
1201,-0.03460584580898285,293
1202,-0.10504259169101715,293
1203,-0.025966789573431015,293
1204,-0.03047987073659897,293
1205,0.06622713059186935,293
1206,-0.011005859822034836,293
1207,0.09637174010276794,293
1208,0.004480620846152306,293
1209,-0.00045595088158734143,293
1210,-0.015727799385786057,293
1211,0.05770600587129593,293
1212,-0.14806579053401947,293
1213,-0.0016276490641757846,293
1214,-0.012664780020713806,293
1215,0.12601393461227417,293
1216,-0.027234766632318497,293
1217,-0.07521316409111023,293
1218,0.0005670181708410382,293
1219,0.05263451486825943,293
1220,-0.04484329745173454,293
1221,-0.005830340087413788,293
1222,-0.1915292888879776,293
1223,0.22560492157936096,293
1224,-0.013655297458171844,293
1225,0.12781237065792084,293
1226,-0.018317651003599167,293
1227,-0.006241265684366226,293
1228,0.00822166446596384,293
1229,0.25978705286979675,293
1230,0.003965219482779503,293
1231,0.031264323741197586,293
1232,-0.0692388117313385,293
1233,0.008175106719136238,293
1234,-0.033755362033843994,293
1235,0.14790204167366028,293
1236,-0.13314111530780792,293
1237,-0.008761577308177948,293
1238,-0.02518073283135891,293
1239,-0.0429784320294857,293
1240,0.057569120079278946,293
1241,-0.017617221921682358,293
1242,0.06465229392051697,293
1243,0.046791549772024155,293
1244,-0.07399079203605652,293
1245,0.07080428302288055,293
1246,-0.02574992924928665,293
1247,-0.08062812685966492,293
1248,-0.00508098816499114,293
1249,-0.011790730990469456,293
1250,-0.10079596936702728,293
1251,0.005882304161787033,293
1252,0.006559440400451422,293
1253,-0.039953213185071945,293
1254,-0.0032048840075731277,293
1255,-0.004791766870766878,293
1256,0.10209774225950241,293
1257,-0.004527087789028883,293
1258,-0.031077779829502106,293
1259,-0.011413700878620148,293
1260,0.008404961787164211,293
1261,-0.11910582333803177,293
1262,-0.03791947290301323,293
1263,-0.02067187987267971,293
1264,-0.0744611993432045,293
1265,0.0020568252075463533,293
1266,0.0015094869304448366,293
1267,0.00013795919949188828,293
1268,0.008921748027205467,293
1269,9.886844782158732e-05,293
1270,-0.012805675156414509,293
1271,-0.07346523553133011,293
1272,-0.007551940623670816,293
1273,0.0830443948507309,293
1274,-0.07048293948173523,293
1275,-0.012824556790292263,293
1276,0.05179903283715248,293
1277,0.009752130135893822,293
1278,-0.10171419382095337,293
1279,-0.1799813210964203,293
1280,-0.04318615049123764,293
1281,-0.003261702600866556,293
1282,-0.06978324800729752,293
1283,0.0522289052605629,293
1284,0.10051935911178589,293
1285,-0.00329029094427824,293
1286,-0.060540974140167236,293
1287,0.034277260303497314,293
1288,0.11257763206958771,293
1289,-0.1104075089097023,293
1290,0.12159191071987152,293
1291,-0.08545238524675369,293
1292,0.00938972644507885,293
1293,0.01717616245150566,293
1294,-0.041964247822761536,293
1295,0.08225926756858826,293
1296,-0.12911848723888397,293
1297,0.2795891761779785,293
1298,-0.1841808557510376,293
1299,0.007096939720213413,293
1300,-0.12023749947547913,293
1301,0.06720909476280212,293
1302,0.015362397767603397,293
1303,-0.03560219705104828,293
1304,0.00680137611925602,293
1305,-0.085134357213974,293
1306,0.029688067734241486,293
1307,-0.0019445422803983092,293
1308,-0.10221653431653976,293
1309,0.09907622635364532,293
1310,-0.038763780146837234,293
1311,-0.039417847990989685,293
1312,0.15449228882789612,293
1313,-0.13129937648773193,293
1314,0.015341739170253277,293
1315,0.2665862739086151,293
1316,0.07158277928829193,293
1317,-0.2542816996574402,293
1318,0.015497887507081032,293
1319,0.019842427223920822,293
1320,-0.014022736810147762,293
1321,-0.0008756700553931296,293
1322,-0.2830575108528137,293
1323,0.06962358206510544,293
1324,-0.1759607195854187,293
1325,0.025361768901348114,293
1326,0.008791416883468628,293
1327,0.02543201856315136,293
1328,0.045939818024635315,293
1329,-0.0447852797806263,293
1330,-0.018409505486488342,293
1331,0.006305138114839792,293
1332,-0.0003458745777606964,293
1333,-0.009414303116500378,293
1334,-0.0004134152550250292,293
1335,-0.11957031488418579,293
1336,-0.00788579136133194,293
1337,-0.002183391246944666,293
1338,-0.0007094864849932492,293
1339,-0.03856579214334488,293
1340,-0.06396877765655518,293
1341,0.06669572740793228,293
1342,-0.002315232763066888,293
1343,0.15922783315181732,293
1344,-0.0031604254618287086,293
1345,-0.0011197349522262812,293
1346,0.027063004672527313,293
1347,-0.4501485228538513,293
1348,-0.06983982026576996,293
1349,-0.014612426981329918,293
1350,-9.075854904949665e-05,293
1351,-0.6895087957382202,293
1352,-0.0016059146728366613,293
1353,0.0832391306757927,293
1354,0.0003665778785943985,293
1355,-0.02901202067732811,293
1356,0.02825617790222168,293
1357,-0.10278132557868958,293
1358,-0.031093839555978775,293
1359,-0.005637512542307377,293
1360,-0.007368684746325016,293
1361,-0.01872691512107849,293
1362,-0.015980858355760574,293
1363,-0.00827096775174141,293
1364,-0.05893280357122421,293
1365,-0.008352029137313366,293
1366,0.09310100972652435,293
1367,-0.015490647405385971,293
1368,0.025197234004735947,293
1369,0.030536115169525146,293
1370,0.02004670351743698,293
1371,-0.02566114440560341,293
1372,0.3489028215408325,293
1373,0.007581755518913269,293
1374,-0.07359595596790314,293
1375,-0.007546327076852322,293
1376,-0.013044558465480804,293
1377,-0.0220780149102211,293
1378,-0.029458342120051384,293
1379,-0.01343577727675438,293
1380,-0.034385859966278076,293
1381,-0.0755581334233284,293
1382,-0.03778359293937683,293
1383,0.09316899627447128,293
1384,0.0037759561091661453,293
1385,0.10175901651382446,293
1386,0.04961699992418289,293
1387,-0.0218004509806633,293
1388,-0.004488495644181967,293
1389,-0.020172592252492905,293
1390,-0.15948542952537537,293
1391,-0.010023820213973522,293
1392,-0.004389617592096329,293
1393,-0.276521235704422,293
1394,-0.09553888440132141,293
1395,-0.01936345174908638,293
1396,0.13340479135513306,293
1397,-0.12385737895965576,293
1398,-0.12908214330673218,293
1399,0.057391323149204254,293
1400,0.14108672738075256,293
1401,-0.12212274968624115,293
1402,0.02832314744591713,293
1403,-0.004394363146275282,293
1404,0.07670615613460541,293
1405,-0.2601599395275116,293
1406,0.008855926804244518,293
1407,-0.09677749872207642,293
1408,-0.05440782755613327,293
1409,0.02274983376264572,293
1410,-0.14123539626598358,293
1411,-0.031412556767463684,293
1412,-0.05649692565202713,293
1413,-0.09876701980829239,293
1414,0.0013955961912870407,293
1415,-0.012108427472412586,293
1416,-0.02186490036547184,293
1417,0.12812966108322144,293
1418,-0.0036597643047571182,293
1419,-0.018533658236265182,293
1420,0.05172378569841385,293
1421,0.013433560729026794,293
1422,-0.11423592269420624,293
1423,0.0451212115585804,293
1424,0.06908614188432693,293
1425,-0.0024342662654817104,293
1426,0.10751497745513916,293
1427,-0.02415524609386921,293
1428,-0.0004715007671620697,293
1429,-0.012270371429622173,293
1430,-0.07726114988327026,293
1431,-0.05806330218911171,293
1432,0.07422564178705215,293
1433,-0.12658122181892395,293
1434,0.020174171775579453,293
1435,0.13765069842338562,293
1436,-0.1139102429151535,293
1437,-0.08814603835344315,293
1438,-0.005515498109161854,293
1439,-0.07021154463291168,293
1440,-0.008044423535466194,293
1441,-0.06586001068353653,293
1442,-0.028517261147499084,293
1443,-0.14641258120536804,293
1444,-0.060954876244068146,293
1445,0.34246060252189636,293
1446,0.023278601467609406,293
1447,-0.018533509224653244,293
1448,0.11499235779047012,293
1449,-0.015976373106241226,293
1450,-0.002714854199439287,293
1451,-0.03723740577697754,293
1452,-0.014653397724032402,293
1453,-0.14296357333660126,293
1454,-0.13540688157081604,293
1455,-0.02796076610684395,293
1456,0.09769496321678162,293
1457,-0.0015821848064661026,293
1458,-0.01346578449010849,293
1459,0.005983200389891863,293
1460,-0.16253669559955597,293
1461,-0.0016143496613949537,293
1462,0.051606714725494385,293
1463,-0.005370087921619415,293
1464,-0.016928639262914658,293
1465,0.028108816593885422,293
1466,-0.002831945428624749,293
1467,-0.05894016474485397,293
1468,-0.03514843061566353,293
1469,-0.02191566489636898,293
1470,0.35445892810821533,293
1471,-0.017980169504880905,293
1472,-0.009369457140564919,293
1473,-0.07262858003377914,293
1474,-0.02775878645479679,293
1475,-0.020109347999095917,293
1476,-0.029864538460969925,293
1477,-0.047228045761585236,293
1478,-0.06966869533061981,293
1479,-0.648635983467102,293
1480,-0.02648220956325531,293
1481,0.020590469241142273,293
1482,0.04169575124979019,293
1483,-0.09030351787805557,293
1484,-0.017858944833278656,293
1485,-0.6187122464179993,293
1486,-0.059418000280857086,293
1487,0.03770413249731064,293
1488,0.043165724724531174,293
1489,-0.025752143934369087,293
1490,0.028102222830057144,293
1491,-0.07703027874231339,293
1492,-0.1938687115907669,293
1493,0.3094618618488312,293
1494,-0.00736404862254858,293
1495,-0.0009896117262542248,293
1496,-0.023130225017666817,293
1497,0.038911204785108566,293
1498,0.08440247923135757,293
1499,0.12473152577877045,293
1500,0.0389142706990242,293
1501,-0.020411664620041847,293
1502,-0.036104716360569,293
1503,0.010436110198497772,293
1504,-0.023775730282068253,293
1505,-0.04845935106277466,293
1506,0.10547977685928345,293
1507,-0.005160756874829531,293
1508,-0.019361846148967743,293
1509,-0.07873029261827469,293
1510,-0.08862550556659698,293
1511,-0.014340195804834366,293
1512,0.0016571604646742344,293
1513,0.10593628138303757,293
1514,-0.0847136452794075,293
1515,0.10701219737529755,293
1516,-0.07629197090864182,293
1517,0.1006087064743042,293
1518,0.021189050748944283,293
1519,0.017158303409814835,293
1520,0.03896034136414528,293
1521,-0.07244357466697693,293
1522,0.035001613199710846,293
1523,-0.032135024666786194,293
1524,0.06249469146132469,293
1525,-0.1305631697177887,293
1526,0.24632525444030762,293
1527,0.012657450512051582,293
1528,0.05256003886461258,293
1529,-0.057366907596588135,293
1530,-0.011538561433553696,293
1531,-0.0023123519495129585,293
1532,-0.04277713596820831,293
1533,0.08667037636041641,293
1534,0.2503833472728729,293
1535,-0.07628384232521057,293
1536,-0.009062327444553375,293
1537,0.007827210240066051,293
1538,0.46988269686698914,293
1539,-0.008806290104985237,293
1540,0.063517265021801,293
1541,0.025702159851789474,293
1542,0.0590585395693779,293
1543,-0.014835873618721962,293
1544,0.0028939158655703068,293
1545,-0.08139180392026901,293
1546,0.0009059051517397165,293
1547,-0.0013946463586762547,293
1548,0.01171695813536644,293
1549,0.07966288924217224,293
1550,-0.02728530764579773,293
1551,0.3325238823890686,293
1552,-0.06038752943277359,293
1553,-0.06648620963096619,293
1554,0.48951268196105957,293
1555,-0.06040776148438454,293
1556,0.010929136537015438,293
1557,-0.0013428416568785906,293
1558,0.09140445291996002,293
1559,0.06280536949634552,293
1560,0.005185602232813835,293
1561,-0.002055336255580187,293
1562,-0.05113440379500389,293
1563,0.0746774673461914,293
1564,-0.005589124746620655,293
1565,-0.008911245502531528,293
1566,-0.0015606468077749014,293
1567,0.25309619307518005,293
1568,-0.0147924292832613,293
1569,-0.0666113868355751,293
1570,-0.011359376832842827,293
1571,-0.06586936116218567,293
1572,0.036420948803424835,293
1573,-0.003429245203733444,293
1574,0.011219566687941551,293
1575,-0.08153928816318512,293
1576,0.1514652967453003,293
1577,-0.0789046436548233,293
1578,0.43863752484321594,293
1579,0.00927266851067543,293
1580,-0.11822813749313354,293
1581,0.013036640360951424,293
1582,-0.08707989752292633,293
1583,0.06602532416582108,293
1584,-0.022642582654953003,293
1585,0.01498010940849781,293
1586,0.08717123419046402,293
1587,0.04818269982933998,293
1588,-0.05177510529756546,293
1589,-0.07395761460065842,293
1590,-0.2858121395111084,293
1591,0.11273553967475891,293
1592,0.4102262854576111,293
1593,0.04745274409651756,293
1594,-0.032978564500808716,293
1595,0.04360570013523102,293
1596,-0.24552077054977417,293
1597,-0.001064565498381853,293
1598,-0.006474170368164778,293
1599,0.013322456739842892,293
1600,-0.09681343287229538,293
1601,0.02996690198779106,293
1602,0.03547430783510208,293
1603,-0.04062341898679733,293
1604,0.09277202188968658,293
1605,-0.0548710972070694,293
1606,-0.028232285752892494,293
1607,0.022056102752685547,293
1608,-0.017832104116678238,293
1609,0.02990708500146866,293
1610,0.01756114512681961,293
1611,-0.147640198469162,293
1612,-0.012797633185982704,293
1613,0.05000850558280945,293
1614,0.1341545283794403,293
1615,-0.017544139176607132,293
1616,-0.07599208503961563,293
1617,-0.059662267565727234,293
1618,-0.2999967634677887,293
1619,0.9208742380142212,293
1620,0.11608532816171646,293
1621,0.020746959373354912,293
1622,-0.017692161723971367,293
1623,-0.0021799816749989986,293
1624,0.25177866220474243,293
1625,-0.0016354606486856937,293
1626,-0.04887025058269501,293
1627,0.18678930401802063,293
1628,-0.08896683901548386,293
1629,0.03325820714235306,293
1630,0.01026697363704443,293
1631,0.05107656121253967,293
1632,0.0939139723777771,293
1633,-0.4169178009033203,293
1634,-0.004430546425282955,293
1635,-0.014765415340662003,293
1636,-0.02372811734676361,293
1637,0.03833819180727005,293
1638,-0.043332669883966446,293
1639,0.08195435255765915,293
1640,-0.20827651023864746,293
1641,-0.0007606657454743981,293
1642,-0.07232622802257538,293
1643,-0.00032921324600465596,293
1644,0.005136814899742603,293
1645,-0.045654673129320145,293
1646,-0.0598672553896904,293
1647,0.015574630349874496,293
1648,-0.14321760833263397,293
1649,0.04571336880326271,293
1650,-0.0027057642582803965,293
1651,-6.728782318532467e-05,293
1652,-0.08476406335830688,293
1653,-0.002641999162733555,293
1654,0.10469897836446762,293
1655,-0.026769528165459633,293
1656,-0.350293904542923,293
1657,-0.03972415253520012,293
1658,0.2579888701438904,293
1659,-0.003313029184937477,293
1660,-0.0073717557825148106,293
1661,-0.21491290628910065,293
1662,-0.049603164196014404,293
1663,-0.21367672085762024,293
1664,-0.019568096846342087,293
1665,0.01669933833181858,293
1666,0.09581200033426285,293
1667,0.17146959900856018,293
1668,-0.10141333937644958,293
1669,0.708847165107727,293
1670,-0.00729467673227191,293
1671,0.05237901583313942,293
1672,-0.010029235854744911,293
1673,0.01407109759747982,293
1674,-0.0027944783214479685,293
1675,-0.055483777076005936,293
1676,0.043184179812669754,293
1677,-0.03920275345444679,293
1678,0.16282956302165985,293
1679,-0.007246765308082104,293
1680,0.16086770594120026,293
1681,-0.00967337191104889,293
1682,-0.1596502661705017,293
1683,0.007467820309102535,293
1684,0.010393504053354263,293
1685,0.06886279582977295,293
1686,0.22967711091041565,293
1687,-0.010084971785545349,293
1688,0.014269049279391766,293
1689,-0.025727529078722,293
1690,-0.02481205388903618,293
1691,0.03358125686645508,293
1692,0.11836153268814087,293
1693,-0.03997190296649933,293
1694,-0.0688745528459549,293
1695,-0.02141835168004036,293
1696,-0.11889050155878067,293
1697,0.02201857790350914,293
1698,-0.1477619707584381,293
1699,-0.024938054382801056,293
1700,-0.023212028667330742,293
1701,0.005138928070664406,293
1702,0.3604583740234375,293
1703,-0.13048270344734192,293
1704,0.0031605027616024017,293
1705,-0.00142546440474689,293
1706,-0.06998368352651596,293
1707,0.3574252128601074,293
1708,-0.01307536382228136,293
1709,0.0996311753988266,293
1710,0.028657859191298485,293
1711,0.02336377091705799,293
1712,-0.00033743272069841623,293
1713,-0.2621786594390869,293
1714,-0.03410488739609718,293
1715,-0.02243618294596672,293
1716,-0.042749471962451935,293
1717,-0.017649609595537186,293
1718,-0.06978516280651093,293
1719,-0.011708395555615425,293
1720,-0.28419145941734314,293
1721,-0.005314342677593231,293
1722,-0.013515245169401169,293
1723,-0.2507699728012085,293
1724,-0.001653903629630804,293
1725,-0.00334052462130785,293
1726,0.1973058581352234,293
1727,-0.008822022937238216,293
1728,0.006433378905057907,293
1729,0.1935891956090927,293
1730,-0.06575236469507217,293
1731,-0.010596724227070808,293
1732,-0.03411570191383362,293
1733,-0.03275890275835991,293
1734,-0.01757919415831566,293
1735,0.022572461515665054,293
1736,0.12802301347255707,293
1737,-0.010939684696495533,293
1738,0.06107417494058609,293
1739,-0.022256916388869286,293
1740,0.005119173787534237,293
1741,-0.04858627915382385,293
1742,0.014061355963349342,293
1743,0.2162744104862213,293
1744,0.011795220896601677,293
1745,0.07520056515932083,293
1746,-0.03248036280274391,293
1747,0.00329192029312253,293
1748,-0.058928485959768295,293
1749,-0.022878672927618027,293
1750,0.03404262661933899,293
1751,0.034525975584983826,293
1752,0.014780319295823574,293
1753,0.06017741560935974,293
1754,-0.0013146204873919487,293
1755,0.08153241872787476,293
1756,-0.12748296558856964,293
1757,0.03295445069670677,293
1758,-0.269936203956604,293
1759,-0.4059176743030548,293
1760,-0.016372693702578545,293
1761,0.09678911417722702,293
1762,-0.003054620698094368,293
1763,0.448408842086792,293
1764,-0.2797148525714874,293
1765,-0.058795154094696045,293
1766,-0.038932546973228455,293
1767,-0.021197829395532608,293
1768,0.06340562552213669,293
1769,-0.03477372229099274,293
1770,-0.023057788610458374,293
1771,0.11797541379928589,293
1772,0.0035051624290645123,293
1773,0.46809396147727966,293
1774,0.014211836270987988,293
1775,0.07873843610286713,293
1776,-0.21088643372058868,293
1777,0.02118542045354843,293
1778,-0.0037672673352062702,293
1779,-0.07097715139389038,293
1780,0.018275346606969833,293
1781,0.017340196296572685,293
1782,0.0670725628733635,293
1783,0.024159133434295654,293
1784,-0.4034278988838196,293
1785,0.10526006668806076,293
1786,-0.01885770633816719,293
1787,0.042309731245040894,293
1788,-0.002318932209163904,293
1789,-0.10342974960803986,293
1790,0.007044951431453228,293
1791,0.04415439814329147,293
1792,-0.26194459199905396,293
1793,0.11595352739095688,293
1794,0.24288657307624817,293
1795,0.07063481211662292,293
1796,-0.006140794605016708,293
1797,-0.03819224610924721,293
1798,-0.03235384821891785,293
1799,0.036053165793418884,293
1800,-0.002770515624433756,293
1801,-0.007044787984341383,293
1802,0.2417764961719513,293
1803,-0.009761623106896877,293
1804,0.09048985689878464,293
1805,-0.07163607329130173,293
1806,0.02882656455039978,293
1807,0.04518619179725647,293
1808,-0.029992368072271347,293
1809,0.07688887417316437,293
1810,0.16920381784439087,293
1811,0.0018116883002221584,293
1812,-0.0268558319658041,293
1813,-0.018688132986426353,293
1814,0.015809275209903717,293
1815,0.020798098295927048,293
1816,0.012571034952998161,293
1817,-0.0789451003074646,293
1818,-0.0028418079018592834,293
1819,0.023852378129959106,293
1820,-0.16665036976337433,293
1821,-0.0004409529210533947,293
1822,0.11947129666805267,293
1823,-0.0021637985482811928,293
1824,-0.0026112657506018877,293
1825,-0.02420559525489807,293
1826,-0.024701306596398354,293
1827,-0.004753384739160538,293
1828,-0.02467762492597103,293
1829,0.012552151456475258,293
1830,-0.05245037376880646,293
1831,-0.03597605600953102,293
1832,-0.007836909964680672,293
1833,0.11706690490245819,293
1834,0.006005294155329466,293
1835,-0.041865475475788116,293
1836,-0.012161392718553543,293
1837,-0.033509593456983566,293
1838,0.02509179338812828,293
1839,0.3603987693786621,293
1840,0.0039031438063830137,293
1841,-0.05284356325864792,293
1842,0.01704735867679119,293
1843,-0.07503369450569153,293
1844,-0.49159154295921326,293
1845,0.19639918208122253,293
1846,0.022611549124121666,293
1847,-0.06598168611526489,293
1848,0.08020371198654175,293
1849,-0.07114966213703156,293
1850,-0.007141300477087498,293
1851,0.28195953369140625,293
1852,-0.16951793432235718,293
1853,0.010206581093370914,293
1854,0.005984513089060783,293
1855,-0.22026538848876953,293
1856,0.0511455163359642,293
1857,0.033295173197984695,293
1858,-0.06300170719623566,293
1859,0.08102927356958389,293
1860,-0.018870139494538307,293
1861,-0.07051590085029602,293
1862,0.03487522155046463,293
1863,0.08209477365016937,293
1864,0.019574422389268875,293
1865,0.1624974012374878,293
1866,-0.20400187373161316,293
1867,-0.02886338159441948,293
1868,0.013707834295928478,293
1869,-0.1848263442516327,293
1870,-0.046103645116090775,293
1871,-0.0006308195297606289,293
1872,0.08592589944601059,293
1873,0.00639150757342577,293
1874,0.33730170130729675,293
1875,-0.016666924580931664,293
1876,-0.09747926890850067,293
1877,-0.09167327731847763,293
1878,-0.1295606791973114,293
1879,-0.08534426987171173,293
1880,-0.0052454653196036816,293
1881,0.06869387626647949,293
1882,0.005704917479306459,293
1883,-0.02493337355554104,293
1884,0.010175826959311962,293
1885,-0.10208119451999664,293
1886,0.3831481635570526,293
1887,-0.00178262940607965,293
1888,0.00532164890319109,293
1889,-0.0011099895928055048,293
1890,-0.052415743470191956,293
1891,0.03627656772732735,293
1892,-0.032177746295928955,293
1893,-0.003430508077144623,293
1894,-0.08564870059490204,293
1895,-0.06498948484659195,293
1896,0.10237636417150497,293
1897,-0.032223623245954514,293
1898,0.09163940697908401,293
1899,0.0080711729824543,293
1900,-0.05768459290266037,293
1901,0.02227286621928215,293
1902,-0.11685267090797424,293
1903,-0.019179051741957664,293
1904,-0.08309459686279297,293
1905,-0.0009813678916543722,293
1906,-0.2198682278394699,293
1907,-0.0023577387910336256,293
1908,-0.2343951314687729,293
1909,0.05404174327850342,293
1910,-0.04356776922941208,293
1911,0.005913286469876766,293
1912,-0.041323453187942505,293
1913,0.01333797536790371,293
1914,-0.04134292155504227,293
1915,-0.03237610310316086,293
1916,0.1622275859117508,293
1917,-0.026004258543252945,293
1918,-0.011111302301287651,293
1919,0.10365957021713257,293
1920,0.05695798993110657,293
1921,0.14647695422172546,293
1922,0.37792783975601196,293
1923,0.03766878694295883,293
1924,0.3450215458869934,293
1925,0.025331109762191772,293
1926,-0.043090786784887314,293
1927,-0.07139503210783005,293
1928,-0.1906084269285202,293
1929,0.009178785607218742,293
1930,0.02383563295006752,293
1931,0.06492609530687332,293
1932,-0.07132607698440552,293
1933,-0.019090203568339348,293
1934,-1.090621829032898,293
1935,-0.22158978879451752,293
1936,-0.10686962306499481,293
1937,-0.047286417335271835,293
1938,0.001020095543935895,293
1939,0.007571825757622719,293
1940,-0.7315048575401306,293
1941,-0.02654729224741459,293
1942,-0.002434608992189169,293
1943,0.021499544382095337,293
1944,0.021908320486545563,293
1945,0.0007994526531547308,293
1946,-0.01442522183060646,293
1947,-0.12479734420776367,293
1948,-0.9857083559036255,293
1949,0.039543598890304565,293
1950,0.3844810724258423,293
1951,0.06914022564888,293
1952,-0.009305760264396667,293
1953,0.0069007244892418385,293
1954,-0.032618992030620575,293
1955,-0.02893873304128647,293
1956,0.008315433748066425,293
1957,-0.5114936232566833,293
1958,-0.004132883157581091,293
1959,-0.10516989231109619,293
1960,-0.11562518775463104,293
1961,0.0394572876393795,293
1962,0.04429206624627113,293
1963,-0.03208126872777939,293
1964,0.027916252613067627,293
1965,-0.030975349247455597,293
1966,-0.0012843270087614655,293
1967,-0.0377330556511879,293
1968,0.023657653480768204,293
1969,0.08237362653017044,293
1970,-0.20873340964317322,293
1971,0.011201659217476845,293
1972,-0.010393323376774788,293
1973,-0.00028437376022338867,293
1974,0.039707377552986145,293
1975,-0.16518524289131165,293
1976,-0.04184006154537201,293
1977,0.03707250580191612,293
1978,0.27986887097358704,293
1979,-0.014366824179887772,293
1980,-0.09018144011497498,293
1981,-0.07232646644115448,293
1982,0.01112317107617855,293
1983,-0.003756909165531397,293
1984,0.03699340671300888,293
1985,0.05055737867951393,293
1986,0.06271836161613464,293
1987,0.0817757397890091,293
1988,-0.0004696258110925555,293
1989,-0.004189371131360531,293
1990,-0.0003429593052715063,293
1991,0.04461704194545746,293
1992,-0.03890999034047127,293
1993,-0.04373561590909958,293
1994,-0.0002614371769595891,293
1995,0.037559956312179565,293
1996,0.12602128088474274,293
1997,0.032838135957717896,293
1998,-0.10615251213312149,293
1999,-0.017532698810100555,293
2000,0.029217660427093506,293
2001,-0.025557320564985275,293
2002,-0.0028471180703490973,293
2003,0.07969824224710464,293
2004,-0.01405165996402502,293
2005,0.7787848711013794,293
2006,-0.005639301147311926,293
2007,-0.004363223910331726,293
2008,-0.06896989047527313,293
2009,-0.02566356770694256,293
2010,0.008608454838395119,293
2011,-0.020877890288829803,293
2012,0.012349994853138924,293
2013,0.022184673696756363,293
2014,-0.0513969287276268,293
2015,-0.019331932067871094,293
2016,-0.09729905426502228,293
2017,-0.004922058433294296,293
2018,-0.13624653220176697,293
2019,0.04526388272643089,293
2020,0.0340309739112854,293
2021,-0.01492459699511528,293
2022,-0.03129240870475769,293
2023,-0.050549983978271484,293
2024,0.01994910091161728,293
2025,-0.07822421193122864,293
2026,0.01935317926108837,293
2027,-0.002000153763219714,293
2028,0.037400927394628525,293
2029,-0.014484075829386711,293
2030,-0.31858575344085693,293
2031,-0.02575831115245819,293
2032,-0.04849827289581299,293
2033,-0.5398639440536499,293
2034,0.011160128749907017,293
2035,0.06420812010765076,293
2036,-0.002156154252588749,293
2037,-0.004926260560750961,293
2038,-0.05512421205639839,293
2039,0.0640517920255661,293
2040,-0.14492222666740417,293
2041,-0.0001382790505886078,293
2042,-0.09332197904586792,293
2043,0.00014579296112060547,293
2044,-0.12035180628299713,293
2045,-0.0997399240732193,293
2046,-0.06615525484085083,293
2047,-0.014839600771665573,293
2048,0.04093514382839203,293
2049,0.1733313351869583,293
2050,-0.06380659341812134,293
2051,-0.0003066054196096957,293
2052,-0.20146052539348602,293
2053,0.0422297827899456,293
2054,-0.019546233117580414,293
2055,0.006648259237408638,293
2056,0.017341092228889465,293
2057,-0.035980746150016785,293
2058,0.01985100284218788,293
2059,-0.08635829389095306,293
2060,-0.10015738010406494,293
2061,-0.0028406335040926933,293
2062,-0.173650860786438,293
2063,-0.006460520438849926,293
2064,0.0009694439359009266,293
2065,-0.05525471270084381,293
2066,-0.004102919716387987,293
2067,0.01508953608572483,293
2068,0.053393274545669556,293
2069,0.03352633863687515,293
2070,0.06491416692733765,293
2071,-0.0006448783678933978,293
2072,-0.030263271182775497,293
2073,-0.011125685647130013,293
2074,0.11050677299499512,293
2075,0.006347642280161381,293
2076,-0.09363299608230591,293
2077,-0.048995234072208405,293
2078,-0.020429309457540512,293
2079,-0.005450713448226452,293
2080,0.08179676532745361,293
2081,-0.0015018634730949998,293
2082,-0.13682159781455994,293
2083,-0.019631274044513702,293
2084,-0.0036497204564511776,293
2085,0.014805300161242485,293
2086,0.055677853524684906,293
2087,0.049929868429899216,293
2088,0.3007398247718811,293
2089,0.07139894366264343,293
2090,0.11978170275688171,293
2091,0.0049728211015462875,293
2092,-0.024061089381575584,293
2093,0.06439480930566788,293
2094,-0.03620879352092743,293
2095,-0.011029984802007675,293
2096,0.057498492300510406,293
2097,-0.04250824823975563,293
2098,-0.0560135543346405,293
2099,0.016321826726198196,293
2100,-0.0761198103427887,293
2101,-0.004927249159663916,293
2102,-0.04563616216182709,293
2103,-0.11919566243886948,293
2104,0.5295624732971191,293
2105,-0.04272374138236046,293
2106,0.027843642979860306,293
2107,0.0041420720517635345,293
2108,-0.24756143987178802,293
2109,-0.20020800828933716,293
2110,0.037438590079545975,293
2111,0.004418014548718929,293
2112,-0.0008469611639156938,293
2113,-0.11288830637931824,293
2114,0.07693654298782349,293
2115,-0.027178814634680748,293
2116,0.15311773121356964,293
2117,-0.009496822021901608,293
2118,-0.00045850558672100306,293
2119,0.11160894483327866,293
2120,-0.06069521605968475,293
2121,0.0008890130557119846,293
2122,0.025421401485800743,293
2123,0.1527709662914276,293
2124,0.03276948630809784,293
2125,0.06657577306032181,293
2126,-0.00018822296988219023,293
2127,0.010540951043367386,293
2128,-0.0011845116969197989,293
2129,0.020043864846229553,293
2130,-0.04132212698459625,293
2131,0.1999007910490036,293
2132,0.00757853128015995,293
2133,-0.06861233711242676,293
2134,0.1349928081035614,293
2135,0.04828649386763573,293
2136,0.03059735894203186,293
2137,0.017012624070048332,293
2138,0.18513812124729156,293
2139,-0.13663724064826965,293
2140,-0.022487539798021317,293
2141,-0.039361122995615005,293
2142,0.08398960530757904,293
2143,-0.01593754254281521,293
2144,-0.0034057563170790672,293
2145,0.49675822257995605,293
2146,0.055298253893852234,293
2147,0.07678160071372986,293
2148,0.07206538319587708,293
2149,-0.01862156018614769,293
2150,0.004060669802129269,293
2151,-0.008610386401414871,293
2152,0.001055487897247076,293
2153,0.1969142109155655,293
2154,-0.015157947316765785,293
2155,-0.008279618807137012,293
2156,-0.017602771520614624,293
2157,0.0010387524962425232,293
2158,-0.01130075566470623,293
2159,0.0020733950659632683,293
2160,0.2606157958507538,293
2161,0.03530995547771454,293
2162,0.1820686161518097,293
2163,0.07226922363042831,293
2164,0.13037993013858795,293
2165,-0.05113736540079117,293
2166,0.03741249442100525,293
2167,-0.020587939769029617,293
2168,0.009588874876499176,293
2169,-0.0027126925997436047,293
2170,-0.15533334016799927,293
2171,-0.004396998323500156,293
2172,0.24875299632549286,293
2173,-0.052653469145298004,293
2174,0.12296448647975922,293
2175,0.0032218447886407375,293
2176,-0.002461409429088235,293
2177,-0.5139595866203308,293
2178,-0.0053596775978803635,293
2179,-0.09493908286094666,293
2180,-0.0016164847183972597,293
2181,0.06721964478492737,293
2182,0.1874205768108368,293
2183,0.03262531757354736,293
2184,-0.01664612628519535,293
2185,-0.04935996234416962,293
2186,0.0409550741314888,293
2187,-0.09926167875528336,293
2188,0.009903479367494583,293
2189,-0.2474985420703888,293
2190,0.0024344567209482193,293
2191,0.034630224108695984,293
2192,0.03568803891539574,293
2193,-0.024628637358546257,293
2194,-0.025928732007741928,293
2195,0.008255365304648876,293
2196,-0.275718629360199,293
2197,0.19366993010044098,293
2198,-0.37113603949546814,293
2199,-0.03241492807865143,293
2200,0.05910351872444153,293
2201,-0.04532039538025856,293
2202,0.5867846012115479,293
2203,-0.13311408460140228,293
2204,0.00025417006690986454,293
2205,0.06334355473518372,293
2206,0.25196573138237,293
2207,-0.012898445129394531,293
2208,-0.001803233870305121,293
2209,-0.05784894898533821,293
2210,0.16426289081573486,293
2211,0.02751271426677704,293
2212,0.023696446791291237,293
2213,0.4325772523880005,293
2214,-0.025341741740703583,293
2215,0.39483538269996643,293
2216,-0.014429785311222076,293
2217,0.3327455520629883,293
2218,-0.0421057790517807,293
2219,-0.020066983997821808,293
2220,-0.004189755767583847,293
2221,0.057095691561698914,293
2222,-0.005073145963251591,293
2223,-0.05066201090812683,293
2224,-0.25604838132858276,293
2225,0.16424600780010223,293
2226,0.36418962478637695,293
2227,0.27418601512908936,293
2228,0.000795019615907222,293
2229,-0.047189950942993164,293
2230,-0.02022232860326767,293
2231,-0.07466807961463928,293
2232,-0.004766407422721386,293
2233,0.04031695798039436,293
2234,0.03740362077951431,293
2235,-0.02101270854473114,293
2236,0.10742905735969543,293
2237,0.010953621007502079,293
2238,0.026148509234189987,293
2239,0.11623117327690125,293
2240,0.04244525730609894,293
2241,0.10739915817975998,293
2242,0.008554688654839993,293
2243,0.0234090443700552,293
2244,0.02069018967449665,293
2245,0.04559335857629776,293
2246,0.049980394542217255,293
2247,-0.01258845068514347,293
2248,0.08117377012968063,293
2249,0.0011007487773895264,293
2250,-0.03325787931680679,293
2251,0.0055593643337488174,293
2252,0.11848106235265732,293
2253,0.002033291384577751,293
2254,0.15670245885849,293
2255,-0.12415216118097305,293
2256,0.026541471481323242,293
2257,0.06868034601211548,293
2258,0.0005483385175466537,293
2259,-0.06859678030014038,293
2260,-0.06536024808883667,293
2261,0.2958551049232483,293
2262,0.16508840024471283,293
2263,0.43536171317100525,293
2264,0.03827705979347229,293
2265,-0.016585620120167732,293
2266,0.13431766629219055,293
2267,-0.001006394624710083,293
2268,0.009711166843771935,293
2269,-0.07315592467784882,293
2270,-0.030682217329740524,293
2271,0.10234995186328888,293
2272,-0.12891019880771637,293
2273,0.1065000370144844,293
2274,0.04231853410601616,293
2275,0.009601067751646042,293
2276,-0.1803075075149536,293
2277,0.14075016975402832,293
2278,0.017805684357881546,293
2279,0.26777201890945435,293
2280,-0.0398397371172905,293
2281,-0.1373879313468933,293
2282,-0.021880779415369034,293
2283,-0.021847732365131378,293
2284,0.00020265445346012712,293
2285,0.08712917566299438,293
2286,0.031248120591044426,293
2287,0.014300350099802017,293
2288,0.02273343876004219,293
2289,0.0118941068649292,293
2290,-0.033919669687747955,293
2291,0.09704355150461197,293
2292,0.10419166833162308,293
2293,0.04575124382972717,293
2294,-0.019220370799303055,293
2295,-0.007599408272653818,293
2296,-0.020052388310432434,293
2297,-0.04756825417280197,293
2298,0.21489007771015167,293
2299,0.006291183643043041,293
2300,-0.03356202691793442,293
2301,0.05636557936668396,293
2302,-0.004831265192478895,293
2303,0.0970519557595253,293
2304,-0.007879283279180527,293
2305,-0.008406202308833599,293
2306,0.00896205473691225,293
2307,-0.027255583554506302,293
2308,0.019691254943609238,293
2309,0.1112012267112732,293
2310,0.14391890168190002,293
2311,-0.16240809857845306,293
2312,-0.02726602554321289,293
2313,0.06895432621240616,293
2314,0.019054383039474487,293
2315,0.018984146416187286,293
2316,0.04101386293768883,293
2317,0.0036529656499624252,293
2318,0.012023207731544971,293
2319,-0.06146688759326935,293
2320,-0.14417704939842224,293
2321,-0.016818685457110405,293
2322,0.015296323224902153,293
2323,0.08631792664527893,293
2324,-0.005422899499535561,293
2325,-0.00036780632217414677,293
2326,0.04082399234175682,293
2327,-0.02283124253153801,293
2328,-0.008041893132030964,293
2329,-0.01528038177639246,293
2330,0.012191537767648697,293
2331,0.06117325276136398,293
2332,0.03191657364368439,293
2333,0.10912835597991943,293
2334,-0.22568556666374207,293
2335,0.07475309818983078,293
2336,-0.07868587225675583,293
2337,-0.04891635850071907,293
2338,-0.0544344037771225,293
2339,-0.012065403163433075,293
2340,0.06075330823659897,293
2341,-0.011688664555549622,293
2342,-0.055667560547590256,293
2343,0.10024023801088333,293
2344,-0.45112529397010803,293
2345,0.03516555577516556,293
2346,-0.07624582201242447,293
2347,0.03916509449481964,293
2348,-0.018132811412215233,293
2349,-0.0033242017962038517,293
2350,-0.019687481224536896,293
2351,-0.01872650906443596,293
2352,0.12835322320461273,293
2353,0.008119947277009487,293
2354,0.0006223402451723814,293
2355,0.1649177074432373,293
2356,-0.16570459306240082,293
2357,0.15912170708179474,293
2358,-0.011013045907020569,293
2359,0.13586702942848206,293
2360,0.059301722794771194,293
2361,-0.18552877008914948,293
2362,-0.35129010677337646,293
2363,0.010069788433611393,293
2364,-0.03145463764667511,293
2365,-0.006527792662382126,293
2366,0.017367538064718246,293
2367,0.1580340564250946,293
2368,0.16815873980522156,293
2369,0.015492817386984825,293
2370,0.09246034175157547,293
2371,-0.05218802019953728,293
2372,-0.019908327609300613,293
2373,0.019303977489471436,293
2374,0.06829798221588135,293
2375,-0.050724294036626816,293
2376,-0.11534380167722702,293
2377,0.15038086473941803,293
2378,0.09003770351409912,293
2379,-0.08183228969573975,293
2380,0.15282465517520905,293
2381,0.04186096042394638,293
2382,0.014086337760090828,293
2383,-0.0673903226852417,293
2384,0.0402819961309433,293
2385,0.04060079902410507,293
2386,0.11714820563793182,293
2387,0.08163727819919586,293
2388,-0.17491357028484344,293
2389,-0.19245567917823792,293
2390,-0.030923601239919662,293
2391,0.08459276705980301,293
2392,-0.00836486928164959,293
2393,-0.023674268275499344,293
2394,-0.022631991654634476,293
2395,-0.6285754442214966,293
2396,0.034067295491695404,293
2397,-0.16407036781311035,293
2398,-0.015859978273510933,293
2399,-0.18239305913448334,293
2400,-0.006059605628252029,293
2401,0.09547369182109833,293
2402,0.11139413714408875,293
2403,-0.15801692008972168,293
2404,0.04780533164739609,293
2405,-0.00938318856060505,293
2406,-0.062901571393013,293
2407,-0.02783135510981083,293
2408,0.105100616812706,293
2409,-0.0022773498203605413,293
2410,-0.03707000985741615,293
2411,0.11407144367694855,293
2412,0.009236861951649189,293
2413,-0.07159419357776642,293
2414,0.24448001384735107,293
2415,0.2563948631286621,293
2416,-0.4602804183959961,293
2417,0.0005565195460803807,293
2418,0.1488020271062851,293
2419,-0.056990161538124084,293
2420,0.3120817542076111,293
2421,-0.0025323843583464622,293
2422,0.010083273984491825,293
2423,0.0023226244375109673,293
2424,-0.019167084246873856,293
2425,0.14082121849060059,293
2426,1.4650620222091675,293
2427,-0.0608832985162735,293
2428,0.7148134708404541,293
2429,-0.26621752977371216,293
2430,-0.010447083041071892,293
2431,0.05309790372848511,293
2432,-0.009828746318817139,293
2433,0.013151926919817924,293
2434,-0.002468027174472809,293
2435,-0.06719900667667389,293
2436,-0.01732431724667549,293
2437,0.29838132858276367,293
2438,-0.03258747234940529,293
2439,-0.4965706169605255,293
2440,-0.08588097244501114,293
2441,-0.3431016802787781,293
2442,-0.010266397148370743,293
2443,0.017609355971217155,293
2444,0.06113680452108383,293
2445,-0.7314779758453369,293
2446,-0.07465915381908417,293
2447,0.028803180903196335,293
2448,0.06471586972475052,293
2449,0.019510366022586823,293
2450,-0.0008281618356704712,293
2451,-0.12205511331558228,293
2452,-0.020961493253707886,293
2453,-0.021767107769846916,293
2454,-0.021679237484931946,293
2455,-0.017887581139802933,293
2456,-0.17281439900398254,293
2457,-0.015534701757133007,293
2458,0.0010008139070123434,293
2459,-0.0417616181075573,293
2460,0.02685576118528843,293
2461,0.02635781839489937,293
2462,-0.06636391580104828,293
2463,0.010288719087839127,293
2464,0.021935615688562393,293
2465,-0.10734187066555023,293
2466,0.01059192605316639,293
2467,0.03909652680158615,293
2468,-0.09743725508451462,293
2469,0.010701470077037811,293
2470,0.07212907075881958,293
2471,0.1721980720758438,293
2472,-0.02105570398271084,293
2473,-0.13132019340991974,293
2474,-0.004292936529964209,293
2475,-0.06171277537941933,293
2476,-0.0008281716145575047,293
2477,-0.009031154215335846,293
2478,0.03128006309270859,293
2479,0.3065054416656494,293
2480,-0.005894583649933338,293
2481,-0.011295803822577,293
2482,0.09537643194198608,293
2483,-0.49398285150527954,293
2484,-0.02887576073408127,293
2485,-0.14803805947303772,293
2486,0.17418473958969116,293
2487,0.02043299563229084,293
2488,-0.07661382853984833,293
2489,0.32169997692108154,293
2490,0.017637260258197784,293
2491,0.022925710305571556,293
2492,-0.044233016669750214,293
2493,-0.10715192556381226,293
2494,0.028543084859848022,293
2495,-0.03630134090781212,293
2496,-0.25600025057792664,293
2497,-0.005143032409250736,293
2498,-0.028939245268702507,293
2499,0.04995916038751602,293
2500,-0.0013610238675028086,293
2501,-0.0009737486834637821,293
2502,0.0059078168123960495,293
2503,0.01541820727288723,293
2504,-0.0034168220590800047,293
2505,0.002089459216222167,293
2506,-0.045965299010276794,293
2507,0.011590837500989437,293
2508,0.010017601773142815,293
2509,0.042271219193935394,293
2510,0.17524583637714386,293
2511,-0.00036541931331157684,293
2512,-0.0007019092445261776,293
2513,-0.001356263179332018,293
2514,-0.061191853135824203,293
2515,0.24704810976982117,293
2516,-0.012355969287455082,293
2517,0.018116110935807228,293
2518,0.0011305222287774086,293
2519,0.0025455793365836143,293
2520,-0.004608877468854189,293
2521,-0.030576243996620178,293
2522,-0.002320165978744626,293
2523,0.03724772483110428,293
2524,0.1246240884065628,293
2525,0.07294556498527527,293
2526,0.036391325294971466,293
2527,-0.014782494865357876,293
2528,-0.07002533972263336,293
2529,-0.05976414307951927,293
2530,0.0009309155866503716,293
2531,0.1772911250591278,293
2532,0.1523868292570114,293
2533,0.07475690543651581,293
2534,-0.012788577936589718,293
2535,0.061312444508075714,293
2536,-0.012049872428178787,293
2537,-0.013538780622184277,293
2538,-0.013596882112324238,293
2539,-0.2988325357437134,293
2540,0.04214503616094589,293
2541,0.15701691806316376,293
2542,-0.08085502684116364,293
2543,-0.00946716032922268,293
2544,-0.018211189657449722,293
2545,-0.07823881506919861,293
2546,0.10396216809749603,293
2547,0.0183095745742321,293
2548,0.7454788088798523,293
2549,-0.08495648950338364,293
2550,0.007972649298608303,293
2551,-0.01592165045440197,293
2552,-0.034744586795568466,293
2553,0.015375509858131409,293
2554,-0.0026200683787465096,293
2555,-0.014623550698161125,293
2556,-0.06950714439153671,293
2557,-0.01763790287077427,293
2558,-0.0002434084890410304,293
2559,-0.07068012654781342,293
2560,-0.03691675141453743,293
2561,0.036267321556806564,293
2562,-0.6342665553092957,293
2563,-0.05558609589934349,293
2564,-0.043562550097703934,293
2565,0.0006698057986795902,293
2566,-0.017946451902389526,293
2567,-0.07451256364583969,293
2568,0.0289407167583704,293
2569,-0.000430334301199764,293
2570,-0.0029209298081696033,293
2571,0.11293280124664307,293
2572,-0.14414472877979279,293
2573,0.012282848358154297,293
2574,0.0470273420214653,293
2575,-0.3780248761177063,293
2576,-2.8700451366603374e-05,293
2577,-0.05735301598906517,293
2578,0.2598472833633423,293
2579,0.026667512953281403,293
2580,-0.0356295183300972,293
2581,0.2382749617099762,293
2582,-0.018255556002259254,293
2583,0.04184567928314209,293
2584,-0.039530422538518906,293
2585,0.06074957177042961,293
2586,0.006953049451112747,293
2587,0.013880075886845589,293
2588,-0.0004235804080963135,293
2589,0.12647105753421783,293
2590,0.11807753145694733,293
2591,-0.10209998488426208,293
2592,-0.5686048269271851,293
2593,-0.0628032237291336,293
2594,-0.029117677360773087,293
2595,-0.022851739078760147,293
2596,-0.020364511758089066,293
2597,-0.0021563612390309572,293
2598,0.050979092717170715,293
2599,-0.07451753318309784,293
2600,0.013639742508530617,293
2601,0.03806149959564209,293
2602,-0.29304492473602295,293
2603,-0.18507292866706848,293
2604,-0.0013066275278106332,293
2605,0.032916538417339325,293
2606,0.06139450892806053,293
2607,-0.013950834050774574,293
2608,-0.013948534615337849,293
2609,-0.0067197703756392,293
2610,0.04514438658952713,293
2611,-0.02404075860977173,293
2612,0.01580781303346157,293
2613,-0.09165190160274506,293
2614,-0.16315576434135437,293
2615,0.004362141247838736,293
2616,-0.0027913253288716078,293
2617,-0.01998947374522686,293
2618,-0.015364773571491241,293
2619,0.20375987887382507,293
2620,-0.010740000754594803,293
2621,0.04071074351668358,293
2622,0.11674685031175613,293
2623,0.10799971967935562,293
2624,-0.14534036815166473,293
2625,0.008844263851642609,293
2626,0.2708912491798401,293
2627,0.03559315204620361,293
2628,0.033801108598709106,293
2629,-0.07688230276107788,293
2630,-0.03145784139633179,293
2631,0.07803545892238617,293
2632,-0.06591959297657013,293
2633,-0.050671905279159546,293
2634,-0.016208883374929428,293
2635,-0.04917415976524353,293
2636,-0.02479066699743271,293
2637,0.027693938463926315,293
2638,-0.03132541477680206,293
2639,-0.0014981565764173865,293
2640,-0.09120967239141464,293
2641,0.6269288063049316,293
2642,-0.0021287051495164633,293
2643,0.002611675998196006,293
2644,-0.011953151784837246,293
2645,0.0441240631043911,293
2646,-0.00418827822431922,293
2647,0.04833865910768509,293
2648,0.03006848320364952,293
2649,0.02535315975546837,293
2650,-0.011335043236613274,293
2651,-0.07232073694467545,293
2652,-0.01955850049853325,293
2653,-0.04548662155866623,293
2654,-0.1892314851284027,293
2655,-0.11234214901924133,293
2656,0.2642078101634979,293
2657,-0.016496924683451653,293
2658,0.042881861329078674,293
2659,-0.23379704356193542,293
2660,-0.029392074793577194,293
2661,-0.14950907230377197,293
2662,-0.5098546147346497,293
2663,0.42754560708999634,293
2664,-0.00410071574151516,293
2665,-0.026136932894587517,293
2666,0.05762495845556259,293
2667,-0.06129017472267151,293
2668,-0.2084406465291977,293
2669,-0.007273365277796984,293
2670,-0.02366154082119465,293
2671,-0.04064366966485977,293
2672,0.07022756338119507,293
2673,-0.19714905321598053,293
2674,0.014459940604865551,293
2675,0.016657046973705292,293
2676,0.014812028035521507,293
2677,0.044570282101631165,293
2678,0.006014534737914801,293
2679,0.01771548017859459,293
2680,0.08678536117076874,293
2681,0.020027540624141693,293
2682,0.03333668038249016,293
2683,-0.31240114569664,293
2684,-0.006006877403706312,293
2685,-0.03577229380607605,293
2686,0.013020000420510769,293
2687,-0.06415919959545135,293
2688,0.07385386526584625,293
2689,0.033876121044158936,293
2690,-0.014602409675717354,293
2691,0.020589090883731842,293
2692,0.052144311368465424,293
2693,-0.07443961501121521,293
2694,0.00708200316876173,293
2695,-0.18097589910030365,293
2696,-0.0011603229213505983,293
2697,-0.002538396278396249,293
2698,-0.05062026530504227,293
2699,0.009122630581259727,293
2700,-0.005286675412207842,293
2701,0.11273050308227539,293
2702,0.02344035729765892,293
2703,0.04707488790154457,293
2704,-0.08461122959852219,293
2705,0.00956440158188343,293
2706,-0.0015045709442347288,293
2707,0.19303230941295624,293
2708,-0.008126522414386272,293
2709,-0.02195316180586815,293
2710,-0.018955474719405174,293
2711,-0.010151130147278309,293
2712,0.03094857558608055,293
2713,-0.010509327985346317,293
2714,0.028562303632497787,293
2715,0.08288967609405518,293
2716,0.03958217799663544,293
2717,0.2404141128063202,293
2718,0.0058126263320446014,293
2719,-0.011361775919795036,293
2720,-0.14947213232517242,293
2721,0.05295784771442413,293
2722,-0.020540067926049232,293
2723,-0.0006207722472026944,293
2724,0.10505297034978867,293
2725,-0.00964963436126709,293
2726,0.0014896215870976448,293
2727,-0.09829769283533096,293
2728,-0.27773433923721313,293
2729,-0.15537741780281067,293
2730,-0.011759903281927109,293
2731,0.010287970304489136,293
2732,-0.013011015951633453,293
2733,0.010236138477921486,293
2734,-0.0291372649371624,293
2735,-0.032609760761260986,293
2736,0.047523073852062225,293
2737,0.3378719985485077,293
2738,0.020752258598804474,293
2739,0.0924425795674324,293
2740,0.10618717968463898,293
2741,-0.04241296276450157,293
2742,-0.009424157440662384,293
2743,-0.003231797367334366,293
2744,-0.042355895042419434,293
2745,-0.03535146266222,293
2746,0.008501519449055195,293
2747,-0.002998832380399108,293
2748,-0.06931827962398529,293
2749,-0.00034649131703190506,293
2750,0.0050624944269657135,293
2751,0.08635634183883667,293
2752,0.03654635325074196,293
2753,-0.03666563332080841,293
2754,-0.061195120215415955,293
2755,0.08055812120437622,293
2756,0.04010989889502525,293
2757,0.009157252497971058,293
2758,0.002834795042872429,293
2759,-0.025133270770311356,293
2760,-0.0011744911316782236,293
2761,0.11822745949029922,293
2762,-0.028810061514377594,293
2763,-0.05449564754962921,293
2764,0.009143933653831482,293
2765,-0.0817393809556961,293
2766,-0.00014179354184307158,293
2767,-0.0004045239766128361,293
2768,-0.025453954935073853,293
2769,-0.03385790437459946,293
2770,-0.03921490162611008,293
2771,-0.3336987793445587,293
2772,-0.03743724897503853,293
2773,0.052229393273591995,293
2774,-0.002532505663111806,293
2775,0.048356395214796066,293
2776,0.12066143751144409,293
2777,-0.03519118204712868,293
2778,0.07061365246772766,293
2779,0.05782558023929596,293
2780,0.028684241697192192,293
2781,0.014153477735817432,293
2782,-0.00041497533675283194,293
2783,-0.11035022139549255,293
2784,0.009775524027645588,293
2785,-0.06274756789207458,293
2786,-0.047427527606487274,293
2787,-0.00691739097237587,293
2788,0.014645971357822418,293
2789,0.019267410039901733,293
2790,-0.027989622205495834,293
2791,-0.15680932998657227,293
2792,0.034174177795648575,293
2793,-0.00482401717454195,293
2794,-0.04451299086213112,293
2795,-0.05504566431045532,293
2796,0.0940537229180336,293
2797,-0.07324087619781494,293
2798,-0.02441824972629547,293
2799,-0.6029868125915527,293
2800,0.14588704705238342,293
2801,-0.06057872623205185,293
2802,0.0718189924955368,293
2803,-0.08011335134506226,293
2804,0.031283263117074966,293
2805,0.10441352427005768,293
2806,-0.0015285254921764135,293
2807,-0.8440650701522827,293
2808,-0.024278931319713593,293
2809,0.33626657724380493,293
2810,-0.3124122619628906,293
2811,-0.001251597423106432,293
2812,0.021122556179761887,293
2813,-0.01264684647321701,293
2814,-0.15609663724899292,293
2815,0.01768624037504196,293
2816,0.024907991290092468,293
2817,-0.02747107669711113,293
2818,0.13260774314403534,293
2819,-0.05716940388083458,293
2820,-0.023357942700386047,293
2821,0.07020656019449234,293
2822,0.009413142688572407,293
2823,-0.025049526244401932,293
2824,-0.001537255011498928,293
2825,-0.002810003701597452,293
2826,0.04089847207069397,293
2827,-0.0559462308883667,293
2828,0.026132866740226746,293
2829,-0.2481706738471985,293
2830,0.008924487978219986,293
2831,0.05105433985590935,293
2832,0.02265988662838936,293
2833,-0.013925429433584213,293
2834,-0.057417187839746475,293
2835,-0.0011386873666197062,293
2836,-0.20765972137451172,293
2837,0.08029595762491226,293
2838,0.003990042954683304,293
2839,0.035275813192129135,293
2840,-0.001583673758432269,293
2841,-0.002368252957239747,293
2842,-0.07007434964179993,293
2843,-0.3419145941734314,293
2844,-0.007337845861911774,293
2845,-0.2542988657951355,293
2846,-0.008428721688687801,293
2847,0.001520911231637001,293
2848,-0.09200573712587357,293
2849,-0.014371679164469242,293
2850,-0.05382430553436279,293
2851,-0.00019585900008678436,293
2852,-0.01734815537929535,293
2853,-0.11363149434328079,293
2854,-0.008511302061378956,293
2855,0.12345848977565765,293
2856,0.4085307717323303,293
2857,-0.027414238080382347,293
2858,-0.010483729653060436,293
2859,-0.002592584118247032,293
2860,0.0011045829160138965,293
2861,-0.02310844510793686,293
2862,0.08406355232000351,293
2863,-0.2752006947994232,293
2864,-0.006175546906888485,293
2865,0.07903514057397842,293
2866,-0.031025312840938568,293
2867,-0.014836441725492477,293
2868,0.022257547825574875,293
2869,-0.011895274743437767,293
2870,-0.03811204433441162,293
2871,-0.018530793488025665,293
2872,0.008157706819474697,293
2873,-0.021726634353399277,293
2874,-0.005111200734972954,293
2875,-0.004028758965432644,293
2876,0.25052425265312195,293
2877,0.05717875808477402,293
2878,-0.10006535798311234,293
2879,0.011833170428872108,293
2880,-0.05515086650848389,293
2881,0.45337122678756714,293
2882,0.2558322846889496,293
2883,-0.037049565464258194,293
2884,0.06048508360981941,293
2885,-0.0826183632016182,293
2886,0.0012956559658050537,293
2887,-0.0024502212181687355,293
2888,-0.007147637661546469,293
2889,0.2010488510131836,293
2890,-0.034491512924432755,293
2891,0.553889274597168,293
2892,0.11860339343547821,293
2893,-0.0035072641912847757,293
2894,0.04204089939594269,293
2895,0.23436999320983887,293
2896,0.0024938168935477734,293
2897,0.011976797133684158,293
2898,0.22331750392913818,293
2899,-0.13136783242225647,293
2900,-0.006111865863204002,293
2901,-0.01977030746638775,293
2902,0.007522775791585445,293
2903,0.012254644185304642,293
2904,0.029283858835697174,293
2905,0.0048957448452711105,293
2906,-0.014078632928431034,293
2907,-0.001642405753955245,293
2908,-0.0006330885225906968,293
2909,-0.023564253002405167,293
2910,-0.5762419700622559,293
2911,0.17983655631542206,293
2912,0.04591774567961693,293
2913,-0.1919437050819397,293
2914,-0.0021371638868004084,293
2915,-0.2644568979740143,293
2916,-0.024363094940781593,293
2917,0.038171105086803436,293
2918,-0.008042432367801666,293
2919,0.011518764309585094,293
2920,0.009639305993914604,293
2921,0.08809953927993774,293
2922,-0.032153546810150146,293
2923,-0.001126110553741455,293
2924,0.1903195083141327,293
2925,0.09211940318346024,293
2926,-0.04098789393901825,293
2927,-0.030916981399059296,293
2928,0.09204073250293732,293
2929,0.04038543999195099,293
2930,-0.06323900818824768,293
2931,0.00643667858093977,293
2932,0.01920221373438835,293
2933,0.12689486145973206,293
2934,0.4406191110610962,293
2935,0.007846207357943058,293
2936,0.023894935846328735,293
2937,-0.00024407843011431396,293
2938,-0.005580081604421139,293
2939,-0.007351970300078392,293
2940,-0.0034286221489310265,293
2941,-0.15896880626678467,293
2942,-0.07968007028102875,293
2943,-0.04221478849649429,293
2944,-0.27154695987701416,293
2945,-0.02335221879184246,293
2946,0.030884232372045517,293
2947,-0.01624942198395729,293
2948,0.2151133120059967,293
2949,-0.0004436131566762924,293
2950,-0.013253366574645042,293
2951,0.010386381298303604,293
2952,0.014361238107085228,293
2953,-0.008721436373889446,293
2954,-0.17204853892326355,293
2955,0.21683695912361145,293
2956,0.05182059109210968,293
2957,-0.032740287482738495,293
2958,0.006398171652108431,293
2959,-0.004414503462612629,293
2960,-0.03269040957093239,293
2961,0.4719313979148865,293
2962,0.035690248012542725,293
2963,-0.0005160601576790214,293
2964,-0.054753005504608154,293
2965,0.019269324839115143,293
2966,-0.00015953602269291878,293
2967,0.0034406001213937998,293
2968,-0.03535866737365723,293
2969,0.001131280092522502,293
2970,0.008802620694041252,293
2971,0.015768107026815414,293
2972,-0.377547949552536,293
2973,-0.16827493906021118,293
2974,0.03730270639061928,293
2975,0.021957505494356155,293
2976,-0.010788854211568832,293
2977,0.03469620645046234,293
2978,0.01099106390029192,293
2979,0.0197832640260458,293
2980,-0.12076672911643982,293
2981,-0.03908292204141617,293
2982,0.04177305847406387,293
2983,0.05053146556019783,293
2984,-0.009211570024490356,293
2985,-0.04553018882870674,293
2986,-0.5083328485488892,293
2987,0.00035373447462916374,293
2988,-0.13149330019950867,293
2989,-0.004988081753253937,293
2990,1.027553915977478,293
2991,-0.07281159609556198,293
2992,-0.011036552488803864,293
2993,-0.06949764490127563,293
2994,-0.06371134519577026,293
2995,-0.038833778351545334,293
2996,0.005949953570961952,293
2997,-0.13336917757987976,293
2998,0.023730188608169556,293
2999,-0.013290747068822384,293
3000,-0.008205589838325977,293
3001,0.006365406326949596,293
3002,-0.017804091796278954,293
3003,-0.08326849341392517,293
3004,-0.021612999960780144,293
3005,0.00012501922901719809,293
3006,-0.18658185005187988,293
3007,-0.17007623612880707,293
3008,-0.5646770596504211,293
3009,0.11652599275112152,293
3010,0.0029561854898929596,293
3011,0.03260297700762749,293
3012,0.03169071674346924,293
3013,0.01954946666955948,293
3014,-0.040399760007858276,293
3015,-0.07210632413625717,293
3016,0.08392181992530823,293
3017,-0.19439901411533356,293
3018,0.07128404825925827,293
3019,0.12498271465301514,293
3020,0.07288476824760437,293
3021,-0.0016644294373691082,293
3022,-0.0005628944491036236,293
3023,-0.030950039625167847,293
3024,-0.06245264783501625,293
3025,-0.007549667730927467,293
3026,-0.0006824882002547383,293
3027,0.0976945087313652,293
3028,-0.0010699911508709192,293
3029,0.04317888990044594,293
3030,-0.005525780376046896,293
3031,0.01973990723490715,293
3032,-0.027577385306358337,293
3033,0.0462467186152935,293
3034,0.003337564878165722,293
3035,-0.006716940551996231,293
3036,0.029097028076648712,293
3037,0.6639916896820068,293
3038,0.05646724998950958,293
3039,0.008872643113136292,293
3040,0.02575884386897087,293
3041,0.032797008752822876,293
3042,-0.0003947849909309298,293
3043,0.015566249378025532,293
3044,0.07683601975440979,293
3045,-0.0431172251701355,293
3046,-0.16196918487548828,293
3047,-0.011314818635582924,293
3048,-0.002101277466863394,293
3049,-0.16105666756629944,293
3050,0.04213444143533707,293
3051,0.41438794136047363,293
3052,0.010154267773032188,293
3053,-0.04887770488858223,293
3054,-0.009131055325269699,293
3055,-0.14171047508716583,293
3056,-0.4318690896034241,293
3057,-0.011826807633042336,293
3058,0.06101469323039055,293
3059,-0.000959166674874723,293
3060,-0.1625746488571167,293
3061,-0.0071748849004507065,293
3062,-0.01565684750676155,293
3063,-0.03897233307361603,293
3064,0.01764729619026184,293
3065,-0.0006300507229752839,293
3066,0.1408289074897766,293
3067,-0.025570794939994812,293
3068,-0.017316941171884537,293
3069,-0.000498505774885416,293
3070,0.07007786631584167,293
3071,-0.01247861236333847,293
3072,0.023921404033899307,293
3073,-0.01239817962050438,293
3074,0.3537833094596863,293
3075,-0.0315181165933609,293
3076,0.0013079229975119233,293
3077,0.022967081516981125,293
3078,0.12524919211864471,293
3079,0.06337996572256088,293
3080,0.0030278251506388187,293
3081,-0.05365987494587898,293
3082,0.07136956602334976,293
3083,0.04334099590778351,293
3084,0.2503472864627838,293
3085,-0.008580973371863365,293
3086,-0.13972654938697815,293
3087,-0.03299657255411148,293
3088,-0.001534024951979518,293
3089,-0.05788969248533249,293
3090,0.046504825353622437,293
3091,-0.1762135624885559,293
3092,-0.11413551867008209,293
3093,-0.6344798803329468,293
3094,-0.10523183643817902,293
3095,-0.00874475110322237,293
3096,0.0038797303568571806,293
3097,-0.08791830390691757,293
3098,0.0083659328520298,293
3099,0.0017724938225001097,293
3100,-0.009484671987593174,293
3101,-0.027987424284219742,293
3102,-0.08032754063606262,293
3103,-0.05934080109000206,293
3104,-0.09113731235265732,293
3105,0.062096286565065384,293
3106,0.07169219851493835,293
3107,0.025696242228150368,293
3108,-0.055529795587062836,293
3109,0.02209610678255558,293
3110,-0.05894443392753601,293
3111,-0.22319871187210083,293
3112,0.13281776010990143,293
3113,-0.24149848520755768,293
3114,-0.1507188081741333,293
3115,-0.060538195073604584,293
3116,-0.00952394213527441,293
3117,-0.006860496010631323,293
3118,-0.02075841836631298,293
3119,-0.0015176739543676376,293
3120,-0.0004235291853547096,293
3121,0.02227777987718582,293
3122,-0.013539097271859646,293
3123,0.09270163625478745,293
3124,-0.023218782618641853,293
3125,-0.02032027207314968,293
3126,-0.009207566268742085,293
3127,0.009701332077383995,293
3128,-0.10721190273761749,293
3129,-0.02462972328066826,293
3130,-0.061138346791267395,293
3131,-0.016418637707829475,293
3132,0.04433374106884003,293
3133,-0.005197392776608467,293
3134,-0.0047820075415074825,293
3135,-0.004815069492906332,293
3136,0.23459017276763916,293
3137,-0.05812304839491844,293
3138,-0.031493257731199265,293
3139,0.030062798410654068,293
3140,0.055185817182064056,293
3141,0.09520884603261948,293
3142,-0.1278894543647766,293
3143,-0.19452279806137085,293
3144,-0.04361199587583542,293
3145,-0.08688846230506897,293
3146,-0.006019135471433401,293
3147,-0.04644114151597023,293
3148,-0.05293769761919975,293
3149,-0.012680171057581902,293
3150,0.10822654515504837,293
3151,-0.02743011713027954,293
3152,-0.03428616374731064,293
3153,0.11833101511001587,293
3154,0.005704437382519245,293
3155,0.03467372804880142,293
3156,-0.002431458793580532,293
3157,-0.05078918859362602,293
3158,-0.026942424476146698,293
3159,0.019537435844540596,293
3160,0.10134956240653992,293
3161,-0.008147032931447029,293
3162,0.000488429213874042,293
3163,-0.035406891256570816,293
3164,-0.0010829274542629719,293
3165,0.048979952931404114,293
3166,-0.04449815675616264,293
3167,-0.03736008331179619,293
3168,-0.02692553773522377,293
3169,0.014049503020942211,293
3170,0.0031685270369052887,293
3171,0.015298044309020042,293
3172,-0.010316060855984688,293
3173,-0.02346835285425186,293
3174,0.013151682913303375,293
3175,-0.001616994384676218,293
3176,-0.006391498260200024,293
3177,0.10472244024276733,293
3178,0.02997036650776863,293
3179,0.14190149307250977,293
3180,-0.03641654923558235,293
3181,0.26550036668777466,293
3182,-0.040423180907964706,293
3183,0.02859511412680149,293
3184,0.0638495460152626,293
3185,-0.06303703784942627,293
3186,0.0009653293527662754,293
3187,0.05497565492987633,293
3188,-0.004055410157889128,293
3189,0.11271458864212036,293
3190,-0.05703570321202278,293
3191,0.03442561253905296,293
3192,0.07560932636260986,293
3193,0.019243130460381508,293
3194,-0.013613063842058182,293
3195,0.06670601665973663,293
3196,-0.35943904519081116,293
3197,-0.03852565586566925,293
3198,-0.002032675314694643,293
3199,0.004961971193552017,293
3200,0.1452701985836029,293
3201,0.008794703520834446,293
3202,0.018319621682167053,293
3203,0.024749357253313065,293
3204,0.1333695501089096,293
3205,-0.0729292631149292,293
3206,-0.06539371609687805,293
3207,-0.013106800615787506,293
3208,0.11198219656944275,293
3209,0.15400239825248718,293
3210,0.0057456884533166885,293
3211,0.000427162362029776,293
3212,0.032388050109148026,293
3213,-0.6063225269317627,293
3214,-0.0022436431609094143,293
3215,-0.025123950093984604,293
3216,0.2815161645412445,293
3217,0.01730930805206299,293
3218,0.0832832008600235,293
3219,-0.05211027339100838,293
3220,-0.06858912110328674,293
3221,0.02168993279337883,293
3222,-0.08264826983213425,293
3223,0.05477587878704071,293
3224,0.014678196050226688,293
3225,0.059427257627248764,293
3226,0.03405294194817543,293
3227,-0.03857272490859032,293
3228,0.03831580653786659,293
3229,-0.08949360251426697,293
3230,-0.06191733106970787,293
3231,-0.013681553304195404,293
3232,-0.016606921330094337,293
3233,-0.07278765738010406,293
3234,0.017203297466039658,293
3235,-0.02057187259197235,293
3236,0.031482286751270294,293
3237,-0.00039001344703137875,293
3238,0.049731671810150146,293
3239,-0.05492785945534706,293
3240,0.12572306394577026,293
3241,0.07449023425579071,293
3242,-0.01485159620642662,293
3243,0.002037782920524478,293
3244,-0.002654923126101494,293
3245,0.04048696905374527,293
3246,-0.08666019141674042,293
3247,-0.015903381630778313,293
3248,-0.0008662639884278178,293
3249,0.11044399440288544,293
3250,-0.02457772195339203,293
3251,0.15694335103034973,293
3252,-0.014580201357603073,293
3253,-0.0021781460382044315,293
3254,-0.06294217705726624,293
3255,-0.017182260751724243,293
3256,-0.1387462466955185,293
3257,-0.07100695371627808,293
3258,0.021258043125271797,293
3259,0.07823734730482101,293
3260,-0.5567160844802856,293
3261,0.06744023412466049,293
3262,-0.028597813099622726,293
3263,0.2854682505130768,293
3264,-0.005481064319610596,293
3265,0.008012031204998493,293
3266,0.10180796682834625,293
3267,-0.031765103340148926,293
3268,0.028778571635484695,293
3269,-0.015744902193546295,293
3270,0.007304374128580093,293
3271,-0.005906851962208748,293
3272,-0.052017927169799805,293
3273,0.020862717181444168,293
3274,0.1055084764957428,293
3275,0.03765516355633736,293
3276,-0.004919747821986675,293
3277,-0.030135072767734528,293
3278,-0.028936605900526047,293
3279,0.08995620906352997,293
3280,-0.02791370078921318,293
3281,0.025661636143922806,293
3282,-0.06695553660392761,293
3283,0.05400073155760765,293
3284,-0.01159039419144392,293
3285,-0.30666980147361755,293
3286,0.004559125751256943,293
3287,0.10000522434711456,293
3288,0.06767687201499939,293
3289,0.028517715632915497,293
3290,0.020163394510746002,293
3291,0.01315632276237011,293
3292,0.26709800958633423,293
3293,0.15409418940544128,293
3294,-0.02669232152402401,293
3295,-0.03602913022041321,293
3296,0.04646649956703186,293
3297,-0.013144959695637226,293
3298,-0.0013516887556761503,293
3299,-0.0049661858938634396,293
3300,-0.3034141957759857,293
3301,-0.007638072595000267,293
3302,-0.005840978119522333,293
3303,0.16797009110450745,293
3304,-0.0007549176225438714,293
3305,-0.07586216926574707,293
3306,-0.009435389190912247,293
3307,0.11048609763383865,293
3308,0.1848757565021515,293
3309,0.23794090747833252,293
3310,0.07611614465713501,293
3311,0.13906370103359222,293
3312,-0.013368776068091393,293
3313,0.0677022933959961,293
3314,-0.11273480951786041,293
3315,0.016739293932914734,293
3316,-0.16324704885482788,293
3317,-0.31540951132774353,293
3318,0.006166601553559303,293
3319,0.0030999325681477785,293
3320,0.1730203777551651,293
3321,-0.009265884757041931,293
3322,-0.1300988346338272,293
3323,-0.017759082838892937,293
3324,-0.0062020644545555115,293
3325,0.05632486194372177,293
3326,0.006485880818217993,293
3327,-0.25817233324050903,293
3328,0.0051568192429840565,293
3329,0.03725821152329445,293
3330,0.0075700972229242325,293
3331,-0.002912517637014389,293
3332,-0.10373476147651672,293
3333,0.0022450219839811325,293
3334,-0.0001796663273125887,293
3335,-0.01551396306604147,293
3336,0.013231114484369755,293
3337,-0.0029372561257332563,293
3338,-0.019701946526765823,293
3339,0.10925090312957764,293
3340,0.0036517896223813295,293
3341,0.02724827080965042,293
3342,0.10109490156173706,293
3343,0.006250557489693165,293
3344,0.22741565108299255,293
3345,-0.08566754311323166,293
3346,-0.17391350865364075,293
3347,0.10017343610525131,293
3348,0.22875875234603882,293
3349,-0.03234468773007393,293
3350,0.0025041927583515644,293
3351,-0.008686576038599014,293
3352,0.09290429949760437,293
3353,-0.40618202090263367,293
3354,-0.11745945364236832,293
3355,-0.013459797017276287,293
3356,0.02237711474299431,293
3357,0.0024072814267128706,293
3358,-0.020143652334809303,293
3359,0.008846009150147438,293
3360,-0.01210024394094944,293
3361,-0.008380141109228134,293
3362,0.32278889417648315,293
3363,-0.045904576778411865,293
3364,0.032150622457265854,293
3365,-0.04503394663333893,293
3366,0.010548345744609833,293
3367,-0.4260856509208679,293
3368,-0.03876739367842674,293
3369,0.06636582314968109,293
3370,0.018144655972719193,293
3371,-0.003730636090040207,293
3372,-0.009215972386300564,293
3373,0.200887069106102,293
3374,0.03660518676042557,293
3375,-0.031941007822752,293
3376,0.08501280099153519,293
3377,0.165027916431427,293
3378,-0.08356711268424988,293
3379,0.07500870525836945,293
3380,-0.0321103110909462,293
3381,0.02760876715183258,293
3382,0.01903275027871132,293
3383,0.42780840396881104,293
3384,0.05828026309609413,293
3385,-0.056949347257614136,293
3386,0.02039962448179722,293
3387,0.01041884534060955,293
3388,-0.002688146196305752,293
3389,0.13197766244411469,293
3390,0.0007468548137694597,293
3391,-0.006328737363219261,293
3392,0.010517805814743042,293
3393,-0.014336315914988518,293
3394,-0.22482004761695862,293
3395,-0.05685826390981674,293
3396,0.016123779118061066,293
3397,0.1799379140138626,293
3398,-0.29896366596221924,293
3399,0.015690255910158157,293
3400,-0.04647574573755264,293
3401,-0.06385699659585953,293
3402,0.015126349404454231,293
3403,0.2921777069568634,293
3404,0.019198544323444366,293
3405,0.20442819595336914,293
3406,-0.14616213738918304,293
3407,0.01098549272865057,293
3408,0.002904593013226986,293
3409,-0.021901793777942657,293
3410,0.01102952379733324,293
3411,0.007136349566280842,293
3412,-0.0012223413214087486,293
3413,-0.03338337689638138,293
3414,-0.08319029957056046,293
3415,-0.11330996453762054,293
3416,0.005729518830776215,293
3417,-0.02345769852399826,293
3418,-0.018649473786354065,293
3419,0.010872917249798775,293
3420,0.012619889341294765,293
3421,-0.13060645759105682,293
3422,0.20058400928974152,293
3423,-0.0037776276003569365,293
3424,0.025104139000177383,293
3425,-0.004415396600961685,293
3426,0.05938218533992767,293
3427,0.005667280405759811,293
3428,0.015653610229492188,293
3429,0.010100199840962887,293
3430,0.15376710891723633,293
3431,0.19755452871322632,293
3432,0.06329260021448135,293
3433,0.005055160727351904,293
3434,-0.0024652518332004547,293
3435,-0.0018221959471702576,293
3436,-0.0010280210990458727,293
3437,-0.07114093005657196,293
3438,-0.021527741104364395,293
3439,-0.06922706216573715,293
3440,0.008392175659537315,293
3441,-0.023828785866498947,293
3442,-0.013902883045375347,293
3443,-1.0814517736434937e-05,293
3444,-0.023689042776823044,293
3445,-0.03338884189724922,293
3446,-0.0031881884206086397,293
3447,-0.023294761776924133,293
3448,0.04603338614106178,293
3449,-0.001478890422731638,293
3450,-0.06773969531059265,293
3451,0.11113251000642776,293
3452,-0.03520187363028526,293
3453,0.272122323513031,293
3454,0.16063612699508667,293
3455,-0.011208533309400082,293
3456,-0.01060558669269085,293
3457,0.011991124600172043,293
3458,-0.028292186558246613,293
3459,-0.009096940979361534,293
3460,0.30202776193618774,293
3461,0.002476954832673073,293
3462,-0.024581026285886765,293
3463,-0.08112142980098724,293
3464,-0.028010763227939606,293
3465,0.02797826938331127,293
3466,0.0005219774320721626,293
3467,-0.5007745027542114,293
3468,0.27197667956352234,293
3469,0.0064057279378175735,293
3470,0.011226086877286434,293
3471,0.009034203365445137,293
3472,-0.0008088694885373116,293
3473,0.006646383553743362,293
3474,0.055545397102832794,293
3475,-0.1190400943160057,293
3476,-0.030446883291006088,293
3477,0.09776094555854797,293
3478,-0.005310947075486183,293
3479,-0.012390442192554474,293
3480,0.016821015626192093,293
3481,-0.02557540312409401,293
3482,-0.17313021421432495,293
3483,-0.03751920908689499,293
3484,-0.0008902027038857341,293
3485,-0.10804527997970581,293
3486,-6.151560228317976e-05,293
3487,-0.06724666059017181,293
3488,-0.04725029319524765,293
3489,-0.024307187646627426,293
3490,0.03180002421140671,293
3491,-0.052758656442165375,293
3492,-0.0592992939054966,293
3493,-0.00040742370765656233,293
3494,0.015297099947929382,293
3495,0.014262771233916283,293
3496,0.014288907870650291,293
3497,-0.4223264753818512,293
3498,0.032979078590869904,293
3499,-0.005789388902485371,293
3500,-0.04447285830974579,293
3501,0.6071343421936035,293
3502,0.009418165311217308,293
3503,-0.005926727317273617,293
3504,0.1711190640926361,293
3505,0.017532946541905403,293
3506,-0.0642000213265419,293
3507,0.01686321198940277,293
3508,-0.026743266731500626,293
3509,-0.0352143757045269,293
3510,0.20319494605064392,293
3511,0.3812507390975952,293
3512,-0.028028644621372223,293
3513,0.012609570287168026,293
3514,-0.0013956972397863865,293
3515,-0.0002161404408980161,293
3516,-0.10040933638811111,293
3517,0.023832261562347412,293
3518,-0.0019082394428551197,293
3519,-0.028900448232889175,293
3520,-0.252165287733078,293
3521,0.01709233969449997,293
3522,-0.007592556998133659,293
3523,-0.013553868047893047,293
3524,-0.184456467628479,293
3525,-0.11513880640268326,293
3526,0.0021470175124704838,293
3527,0.023466411978006363,293
3528,-0.09757398068904877,293
3529,0.043855611234903336,293
3530,0.0011620322475209832,293
3531,-0.05767948925495148,293
3532,0.008273187093436718,293
3533,-0.004045078065246344,293
3534,0.02219509519636631,293
3535,-0.031406648457050323,293
3536,-0.43554797768592834,293
3537,-0.03373967856168747,293
3538,0.029871134087443352,293
3539,0.012004957534372807,293
3540,0.059856414794921875,293
3541,-0.02408704161643982,293
3542,-0.09616826474666595,293
3543,-0.03877866268157959,293
3544,-0.011515913531184196,293
3545,-0.08754491806030273,293
3546,-0.007579048164188862,293
3547,-0.00376691110432148,293
3548,-0.023205146193504333,293
3549,0.035738714039325714,293
3550,-0.13343875110149384,293
3551,0.06714526563882828,293
3552,-0.007516562007367611,293
3553,-0.28639012575149536,293
3554,0.01421305537223816,293
3555,-0.03044169768691063,293
3556,-0.003277862910181284,293
3557,-0.05398723855614662,293
3558,-0.0008423267863690853,293
3559,-0.08865906298160553,293
3560,-0.00036130606895312667,293
3561,0.059129759669303894,293
3562,0.09585282951593399,293
3563,-0.08959369361400604,293
3564,-0.00416868831962347,293
3565,0.061600830405950546,293
3566,-0.03320356458425522,293
3567,-0.03921438008546829,293
3568,0.00353875826112926,293
3569,-0.5744264125823975,293
3570,-0.009111150167882442,293
3571,-0.005987992510199547,293
3572,-0.013544856570661068,293
3573,-0.010227425955235958,293
3574,-0.006029626354575157,293
3575,-0.01735246554017067,293
3576,0.07631076872348785,293
3577,-0.007727744057774544,293
3578,-0.31281614303588867,293
3579,0.023334762081503868,293
3580,-0.10950702428817749,293
3581,0.0519694909453392,293
3582,-0.2632438838481903,293
3583,0.19257499277591705,293
3584,-0.0020142123103141785,293
3585,-0.6479729413986206,293
3586,0.010730584152042866,293
3587,-0.17124420404434204,293
3588,-0.012706255540251732,293
3589,0.05586224049329758,293
3590,0.2249017357826233,293
3591,-0.0076031191274523735,293
3592,-0.007020365912467241,293
3593,-0.0002868404844775796,293
3594,0.05853795260190964,293
3595,-0.04504835605621338,293
3596,-0.058303169906139374,293
3597,0.017606250941753387,293
3598,0.05314437672495842,293
3599,0.359893262386322,293
3600,-0.03849899023771286,293
3601,-0.1251325011253357,293
3602,0.3451553285121918,293
3603,-0.38567158579826355,293
3604,0.003943866118788719,293
3605,-0.036989230662584305,293
3606,-0.024423474445939064,293
3607,0.0024417443200945854,293
3608,0.1006440669298172,293
3609,-0.0021825472358614206,293
3610,0.010334443300962448,293
3611,-0.01590532809495926,293
3612,-0.030373375862836838,293
3613,0.10021968930959702,293
3614,-0.06948739290237427,293
3615,0.03303646296262741,293
3616,-0.04533751308917999,293
3617,-0.013213743455708027,293
3618,-0.06909002363681793,293
3619,0.002081352984532714,293
3620,-0.06003379821777344,293
3621,-0.0814066007733345,293
3622,0.05536683276295662,293
3623,0.002968927612528205,293
3624,-0.020369140431284904,293
3625,-0.04275597259402275,293
3626,0.014784853905439377,293
3627,-0.0077532269060611725,293
3628,-0.08896619081497192,293
3629,-0.0401197224855423,293
3630,-0.0019017390441149473,293
3631,0.07600338757038116,293
3632,-0.0004676477983593941,293
3633,-0.09112010896205902,293
3634,0.003466528607532382,293
3635,0.11645671725273132,293
3636,-0.02056034840643406,293
3637,0.042578719556331635,293
3638,-0.15805810689926147,293
3639,0.11755423247814178,293
3640,-0.045468028634786606,293
3641,-0.16509170830249786,293
3642,0.04851747304201126,293
3643,-0.11968975514173508,293
3644,-0.04087712988257408,293
3645,0.06515882909297943,293
3646,-0.010217363014817238,293
3647,0.13764050602912903,293
3648,-0.0010702619329094887,293
3649,-0.0013542086817324162,293
3650,0.008050522767007351,293
3651,-0.0003514809359330684,293
3652,-0.06720186769962311,293
3653,0.06007315218448639,293
3654,-0.0020196642726659775,293
3655,-0.0024032830260694027,293
3656,0.24008089303970337,293
3657,0.36719200015068054,293
3658,-0.0027416262309998274,293
3659,-0.01470736600458622,293
3660,0.048693228513002396,293
3661,-0.04048241302371025,293
3662,-0.0007207863964140415,293
3663,-0.01859298348426819,293
3664,-0.01908554509282112,293
3665,-0.0005249937530606985,293
3666,-0.021833572536706924,293
3667,-0.5090852975845337,293
3668,0.09973324090242386,293
3669,0.01855447329580784,293
3670,0.03282377868890762,293
3671,0.23339739441871643,293
3672,-0.1422325074672699,293
3673,-0.1592588573694229,293
3674,-0.00561761949211359,293
3675,0.441882461309433,293
3676,-0.06523266434669495,293
3677,0.12198744714260101,293
3678,-0.018531635403633118,293
3679,-0.03790299594402313,293
3680,0.5341137051582336,293
3681,-0.014642531983554363,293
3682,-0.022994723170995712,293
3683,0.01118416152894497,293
3684,-0.0003085249918513,293
3685,0.0003037061542272568,293
3686,-0.012732927687466145,293
3687,-0.07370823621749878,293
3688,0.20494261384010315,293
3689,0.035009756684303284,293
3690,0.01292774360626936,293
3691,-0.04407782852649689,293
3692,0.49874651432037354,293
3693,-0.0041165659204125404,293
3694,-0.07692807912826538,293
3695,0.04608452320098877,293
3696,-0.026908788830041885,293
3697,0.4635320007801056,293
3698,-0.6436368227005005,293
3699,0.001466427929699421,293
3700,0.03229725733399391,293
3701,-0.005190589930862188,293
3702,0.024590834975242615,293
3703,0.0131757240742445,293
3704,0.0062476154416799545,293
3705,0.14533835649490356,293
3706,-0.09273193776607513,293
3707,-0.0019320002757012844,293
3708,-0.0036447762977331877,293
3709,0.05664399266242981,293
3710,0.04527522623538971,293
3711,-0.19676780700683594,293
3712,-0.026680806651711464,293
3713,-0.009142769500613213,293
3714,0.018784373998641968,293
3715,-0.0670897513628006,293
3716,-0.09115094691514969,293
3717,0.0634160041809082,293
3718,-0.02462754398584366,293
3719,-0.2964920997619629,293
3720,0.11301042884588242,293
3721,0.11965253204107285,293
3722,-0.013142566196620464,293
3723,0.09427767246961594,293
3724,0.04526957869529724,293
3725,-0.008960813283920288,293
3726,-0.0020716397557407618,293
3727,0.0029009878635406494,293
3728,-0.7477328181266785,293
3729,-0.02362566627562046,293
3730,0.03300478309392929,293
3731,-0.062495626509189606,293
3732,0.08538362383842468,293
3733,0.5161293148994446,293
3734,0.05463682487607002,293
3735,-0.04710020124912262,293
3736,-0.014088908210396767,293
3737,-0.036125730723142624,293
3738,0.023190483450889587,293
3739,-0.02553739957511425,293
3740,-0.017236679792404175,293
3741,0.01726665161550045,293
3742,0.016170542687177658,293
3743,-0.04273045063018799,293
3744,-0.05154892057180405,293
3745,0.10603728145360947,293
3746,-0.03757958486676216,293
3747,-0.13141080737113953,293
3748,0.0032925643026828766,293
3749,-0.18692634999752045,293
3750,-0.08841203153133392,293
3751,0.022516686469316483,293
3752,-0.0260913223028183,293
3753,-0.05643042176961899,293
3754,-0.005421672016382217,293
3755,0.025264503434300423,293
3756,-0.02788683958351612,293
3757,0.03569335862994194,293
3758,0.03240218386054039,293
3759,0.13604608178138733,293
3760,0.138901948928833,293
3761,-0.012065278366208076,293
3762,0.04722695052623749,293
3763,-0.05661150813102722,293
3764,0.1352577954530716,293
3765,0.05317453667521477,293
3766,-0.010485555045306683,293
3767,-0.007574297953397036,293
3768,0.00982566736638546,293
3769,0.007208477705717087,293
3770,-0.003874685615301132,293
3771,0.06561179459095001,293
3772,-0.00045859962119720876,293
3773,0.24043230712413788,293
3774,-0.0010071631986647844,293
3775,-0.004702587146311998,293
3776,-2.6568966859485954e-05,293
3777,-0.01610940881073475,293
3778,0.058639541268348694,293
3779,-0.1020752340555191,293
3780,-0.01965714804828167,293
3781,-0.037508346140384674,293
3782,-0.03579055145382881,293
3783,-0.22131988406181335,293
3784,-0.02037998102605343,293
3785,-0.003366870805621147,293
3786,0.06833495944738388,293
3787,-0.021593108773231506,293
3788,0.1830301582813263,293
3789,-0.0015894287498667836,293
3790,-0.22945690155029297,293
3791,0.1707427203655243,293
3792,-0.05916304513812065,293
3793,0.009347565472126007,293
3794,-0.040256671607494354,293
3795,-0.01829267479479313,293
3796,-0.03414878994226456,293
3797,-0.14884108304977417,293
3798,0.02374611794948578,293
3799,0.20158104598522186,293
3800,-0.002284963382408023,293
3801,0.008041437715291977,293
3802,-0.0050653498619794846,293
3803,0.06480853259563446,293
3804,0.02636915072798729,293
3805,-0.019561324268579483,293
3806,-0.0005690098041668534,293
3807,0.05665078014135361,293
3808,-0.020980749279260635,293
3809,0.07129251956939697,293
3810,0.544212818145752,293
3811,-0.05404982715845108,293
3812,0.004236613400280476,293
3813,-0.0012154419673606753,293
3814,0.02275879681110382,293
3815,-0.02961582876741886,293
3816,-0.1951959878206253,293
3817,-0.00921422615647316,293
3818,-0.005465692840516567,293
3819,0.10959665477275848,293
3820,0.015322284772992134,293
3821,-0.16043680906295776,293
3822,-0.03873521089553833,293
3823,-0.1264159083366394,293
3824,-0.35730212926864624,293
3825,0.2159397304058075,293
3826,-0.0028924415819346905,293
3827,-0.01750153675675392,293
3828,0.006469452753663063,293
3829,0.18920961022377014,293
3830,0.10981021821498871,293
3831,-0.02654127962887287,293
3832,0.298907995223999,293
3833,-0.0039757960475981236,293
3834,0.20727989077568054,293
3835,0.09208172559738159,293
3836,0.008830301463603973,293
3837,-0.07826997339725494,293
3838,0.04386924207210541,293
3839,0.0559767447412014,293
3840,-0.004882780835032463,293
3841,0.10570989549160004,293
3842,-0.0332980751991272,293
3843,-0.08163201063871384,293
3844,0.02754167839884758,293
3845,-0.09683278203010559,293
3846,0.09389902651309967,293
3847,0.08109697699546814,293
3848,0.2926388084888458,293
3849,-0.12395264208316803,293
3850,0.20497862994670868,293
3851,-0.001500571146607399,293
3852,-0.021473560482263565,293
3853,0.02664947137236595,293
3854,-0.08907999098300934,293
3855,0.3321352005004883,293
3856,-0.0060207657516002655,293
3857,0.017550140619277954,293
3858,-0.08912305533885956,293
3859,-0.019690658897161484,293
3860,-0.11579098552465439,293
3861,-0.001157785183750093,293
3862,-0.11775064468383789,293
3863,0.09632408618927002,293
3864,0.3674408495426178,293
3865,0.001249669585376978,293
3866,-0.03453627973794937,293
3867,-0.010030612349510193,293
3868,-0.01596260443329811,293
3869,0.0023911502212285995,293
3870,-0.004463045857846737,293
3871,-0.06719622015953064,293
3872,-0.08368875086307526,293
3873,0.1722640097141266,293
3874,-0.005298041272908449,293
3875,-0.038860272616147995,293
3876,0.07303434610366821,293
3877,-0.20119480788707733,293
3878,-0.017479311674833298,293
3879,-0.013456723652780056,293
3880,0.055643875151872635,293
3881,-0.0033490541391074657,293
3882,-0.46582961082458496,293
3883,0.0050282529555261135,293
3884,-0.01040583848953247,293
3885,-0.02189665287733078,293
3886,0.23433272540569305,293
3887,-0.012650350108742714,293
3888,0.0007464336231350899,293
3889,0.285174161195755,293
3890,0.004176064860075712,293
3891,-0.030230635777115822,293
3892,0.2313258945941925,293
3893,-0.028055164963006973,293
3894,-0.06669773161411285,293
3895,0.08339353650808334,293
3896,-0.09201855957508087,293
3897,-0.010285774245858192,293
3898,0.018792886286973953,293
3899,0.15392397344112396,293
3900,-0.02824249677360058,293
3901,0.11957968771457672,293
3902,-0.01801338791847229,293
3903,-0.09387313574552536,293
3904,-0.011453472077846527,293
3905,0.001798789482563734,293
3906,-0.02947879582643509,293
3907,0.019904719665646553,293
3908,4.343502223491669e-05,293
3909,0.04797697812318802,293
3910,0.04155593365430832,293
3911,-1.0591728687286377,293
3912,0.014659138396382332,293
3913,-0.2808125913143158,293
3914,-0.003631807863712311,293
3915,0.009590663015842438,293
3916,-0.04063177481293678,293
3917,0.02288827672600746,293
3918,-0.015822306275367737,293
3919,0.021378403529524803,293
3920,-0.011458205990493298,293
3921,-0.08653394877910614,293
3922,-0.0011939709074795246,293
3923,0.1523350179195404,293
3924,0.25352808833122253,293
3925,0.044600505381822586,293
3926,-0.2544553875923157,293
3927,0.015575255267322063,293
3928,0.01613730937242508,293
3929,-0.030070409178733826,293
3930,-0.03610055148601532,293
3931,-0.0008892439072951674,293
3932,0.05406244844198227,293
3933,-0.009763101115822792,293
3934,0.15052297711372375,293
3935,0.15404565632343292,293
3936,-0.09917394071817398,293
3937,0.06859239935874939,293
3938,-0.006578839384019375,293
3939,0.13372428715229034,293
3940,-0.3298906683921814,293
3941,0.018522178754210472,293
3942,0.026684429496526718,293
3943,0.00543280690908432,293
3944,0.008243570104241371,293
3945,-0.015332449227571487,293
3946,0.3149876892566681,293
3947,-0.013531465083360672,293
3948,-0.21917015314102173,293
3949,0.10563722997903824,293
3950,-0.027081064879894257,293
3951,-0.015000625513494015,293
3952,-0.013613734394311905,293
3953,-0.10699564218521118,293
3954,-0.00107933534309268,293
3955,-0.0010364621412009,293
3956,0.00795681495219469,293
3957,0.11156092584133148,293
3958,-0.03441092371940613,293
3959,-0.009010637179017067,293
3960,0.03249114379286766,293
3961,0.18570882081985474,293
3962,0.025138236582279205,293
3963,0.3938344120979309,293
3964,-0.004535309970378876,293
3965,0.0018508327193558216,293
3966,-0.11061301827430725,293
3967,0.16597549617290497,293
3968,0.012824789620935917,293
3969,0.27292653918266296,293
3970,-0.009015107527375221,293
3971,0.04068230465054512,293
3972,-0.05232282355427742,293
3973,0.05888637900352478,293
3974,0.07113543152809143,293
3975,0.07203379273414612,293
3976,0.040107034146785736,293
3977,-0.0007921378128230572,293
3978,0.9190711975097656,293
3979,-0.04020868241786957,293
3980,-0.0015103293117135763,293
3981,0.008818728849291801,293
3982,-0.0025071464478969574,293
3983,-0.0012587911915034056,293
3984,0.06303767114877701,293
3985,-0.021359052509069443,293
3986,-0.007576153613626957,293
3987,-0.0087527921423316,293
3988,-0.020685117691755295,293
3989,-0.02385248988866806,293
3990,0.44043469429016113,293
3991,0.005710141733288765,293
3992,-0.159743994474411,293
3993,-0.19564786553382874,293
3994,-0.0011553301010280848,293
3995,-0.008332383818924427,293
3996,-0.0024160833563655615,293
3997,0.18740339577198029,293
3998,-0.019528616219758987,293
3999,0.0011939555406570435,293
4000,-0.22501352429389954,293
4001,-0.003690748941153288,293
4002,0.0004469137638807297,293
4003,0.009905189275741577,293
4004,0.03897310793399811,293
4005,-0.010297880508005619,293
4006,-0.003388735232874751,293
4007,-0.029245849698781967,293
4008,-0.0010996970813721418,293
4009,-0.12710417807102203,293
4010,-0.0022206134162843227,293
4011,0.017097901552915573,293
4012,-0.010432418435811996,293
4013,0.007085202727466822,293
4014,0.16099438071250916,293
4015,-0.0252235047519207,293
4016,-0.08116679638624191,293
4017,0.01481541432440281,293
4018,0.059196993708610535,293
4019,-0.15521909296512604,293
4020,0.06618373095989227,293
4021,0.010943426750600338,293
4022,0.032667484134435654,293
4023,-0.031185219064354897,293
4024,0.11243565380573273,293
4025,-0.19445332884788513,293
4026,-0.14010988175868988,293
4027,-0.003539269557222724,293
4028,0.044785890728235245,293
4029,0.036222510039806366,293
4030,-0.004526244942098856,293
4031,0.17120787501335144,293
4032,-0.43805158138275146,293
4033,0.04059650003910065,293
4034,0.003084643045440316,293
4035,0.04042568802833557,293
4036,0.02513420768082142,293
4037,0.21317683160305023,293
4038,-0.15849454700946808,293
4039,0.128917396068573,293
4040,-0.10930108278989792,293
4041,-0.036764878779649734,293
4042,-0.5431232452392578,293
4043,0.01800120621919632,293
4044,0.002303643152117729,293
4045,-0.10131284594535828,293
4046,0.003911606036126614,293
4047,-0.5024816989898682,293
4048,0.0013104992685839534,293
4049,0.11060276627540588,293
4050,-0.00026502087712287903,293
4051,0.25630077719688416,293
4052,0.10033087432384491,293
4053,-0.12496856600046158,293
4054,-0.00754866749048233,293
4055,0.012329772114753723,293
4056,-0.15843680500984192,293
4057,-0.07370264828205109,293
4058,0.08204837143421173,293
4059,-0.001965112052857876,293
4060,0.008476240560412407,293
4061,-0.0017634129617363214,293
4062,-0.0021455446258187294,293
4063,-0.00119438162073493,293
4064,0.06033452972769737,293
4065,0.07235085964202881,293
4066,-0.02188502810895443,293
4067,-0.013675086200237274,293
4068,0.019999274984002113,293
4069,-0.010813456028699875,293
4070,0.12852342426776886,293
4071,-0.15589888393878937,293
4072,-0.07418495416641235,293
4073,0.18350599706172943,293
4074,-0.006102308630943298,293
4075,-0.015877315774559975,293
4076,0.03843170031905174,293
4077,-0.03997562825679779,293
4078,-0.0030075886752456427,293
4079,0.0027869800105690956,293
4080,-0.05633309483528137,293
4081,-0.02022336795926094,293
4082,0.0034550963900983334,293
4083,0.06134718656539917,293
4084,-0.0003006042679771781,293
4085,-0.03276337310671806,293
4086,0.023772910237312317,293
4087,-0.18802249431610107,293
4088,-0.013186702504754066,293
4089,0.08209434151649475,293
4090,0.11271268129348755,293
4091,-0.34879910945892334,293
4092,-0.20501205325126648,293
4093,0.026329897344112396,293
4094,0.0059441374614834785,293
4095,-0.006970195099711418,293
4096,-0.8209199905395508,293
4097,0.003627753583714366,293
4098,-0.012414762750267982,293
4099,-0.09452146291732788,293
4100,-0.236778125166893,293
4101,0.10241563618183136,293
4102,-0.004128051921725273,293
4103,0.018342208117246628,293
4104,0.1831473559141159,293
4105,0.026489220559597015,293
4106,0.100455142557621,293
4107,-0.007324437610805035,293
4108,-0.008994142524898052,293
4109,-0.0017281705513596535,293
4110,0.026981445029377937,293
4111,-0.02098318375647068,293
4112,0.09661971032619476,293
4113,-0.001612856169231236,293
4114,-0.019839994609355927,293
4115,0.012474045157432556,293
4116,-0.10360126197338104,293
4117,0.0060401540249586105,293
4118,0.04812854528427124,293
4119,-0.004540709778666496,293
4120,0.030698414891958237,293
4121,0.034933943301439285,293
4122,-0.003779621096327901,293
4123,0.25080347061157227,293
4124,0.15274810791015625,293
4125,0.3118801414966583,293
4126,-0.21403846144676208,293
4127,-0.10517172515392303,293
4128,-0.043811142444610596,293
4129,-0.048367034643888474,293
4130,0.007687910459935665,293
4131,-0.01363679114729166,293
4132,0.01441958174109459,293
4133,-0.01865536905825138,293
4134,-0.016589684411883354,293
4135,0.000211324542760849,293
4136,-0.037814605981111526,293
4137,-0.05185532569885254,293
4138,-0.08979124575853348,293
4139,-8.110038470476866e-05,293
4140,0.3083076775074005,293
4141,-0.026056373491883278,293
4142,-0.040079809725284576,293
4143,0.25569698214530945,293
4144,0.042393460869789124,293
4145,-0.027415331453084946,293
4146,-0.005061245523393154,293
4147,-0.02987351268529892,293
4148,-0.009950738400220871,293
4149,0.05737380310893059,293
4150,0.0033731767907738686,293
4151,0.01652948185801506,293
4152,0.00613543251529336,293
4153,-0.0848284587264061,293
4154,0.026203107088804245,293
4155,-0.08171340823173523,293
4156,-0.00417745765298605,293
4157,0.16956061124801636,293
4158,-0.09827278554439545,293
4159,-0.30382633209228516,293
4160,0.009105216711759567,293
4161,-0.008702171966433525,293
4162,0.03237759694457054,293
4163,-0.15080437064170837,293
4164,-0.002510583959519863,293
4165,-0.008658540435135365,293
4166,0.022335004061460495,293
4167,0.010530432686209679,293
4168,-0.09135441482067108,293
4169,-0.034610241651535034,293
4170,-0.004968916065990925,293
4171,0.08000938594341278,293
4172,0.013069525361061096,293
4173,0.007412375882267952,293
4174,-0.004397536627948284,293
4175,0.0274867694824934,293
4176,0.3470807373523712,293
4177,0.045715197920799255,293
4178,-0.0019254919607192278,293
4179,-0.2212691307067871,293
4180,-0.002595639554783702,293
4181,-0.010657559148967266,293
4182,0.017276210710406303,293
4183,0.027328450232744217,293
4184,0.009581287391483784,293
4185,0.040248315781354904,293
4186,0.028076859191060066,293
4187,-0.04464035481214523,293
4188,0.007194623351097107,293
4189,-0.010709614492952824,293
4190,-0.017379703000187874,293
4191,0.026169363409280777,293
4192,-0.01295367069542408,293
4193,0.054792620241642,293
4194,-0.009397370740771294,293
4195,0.01854310743510723,293
4196,-0.0054573966190218925,293
4197,0.19950345158576965,293
4198,0.017161116003990173,293
4199,0.04877319186925888,293
4200,0.12735553085803986,293
4201,0.31993505358695984,293
4202,-0.03444625437259674,293
4203,-0.01163427159190178,293
4204,0.023778829723596573,293
4205,0.08122244477272034,293
4206,0.07208114117383957,293
4207,0.16803306341171265,293
4208,0.23272547125816345,293
4209,0.24166378378868103,293
4210,-0.01754159852862358,293
4211,0.04199914634227753,293
4212,-0.007116113323718309,293
4213,-0.0016253883950412273,293
4214,0.034480806440114975,293
4215,-0.007663487456738949,293
4216,-0.03249656781554222,293
4217,-0.01668558269739151,293
4218,0.0001429123803973198,293
4219,-0.46699491143226624,293
4220,-0.022704288363456726,293
4221,0.08271677792072296,293
4222,-0.015175586566329002,293
4223,-0.08362016081809998,293
4224,-0.053808484226465225,293
4225,0.004945768974721432,293
4226,0.01319751888513565,293
4227,-0.022558361291885376,293
4228,0.020215248689055443,293
4229,-0.01735214702785015,293
4230,0.1527281254529953,293
4231,0.004210749641060829,293
4232,-0.14498776197433472,293
4233,0.100621297955513,293
4234,-0.017265236005187035,293
4235,0.007257514633238316,293
4236,-0.563991129398346,293
4237,-0.04056288301944733,293
4238,-0.00932975485920906,293
4239,0.13749957084655762,293
4240,-0.00997245218604803,293
4241,0.025833074003458023,293
4242,-0.0034770225174725056,293
4243,-0.026105858385562897,293
4244,0.30691683292388916,293
4245,0.02142353728413582,293
4246,-0.01886613480746746,293
4247,-0.0014054756611585617,293
4248,0.18131814897060394,293
4249,0.003248201683163643,293
4250,-0.03784007579088211,293
4251,-0.022563511505723,293
4252,0.13635653257369995,293
4253,-0.03377573564648628,293
4254,-0.0016850356478244066,293
4255,-0.18082046508789062,293
4256,-0.40022310614585876,293
4257,-0.0725482702255249,293
4258,0.0021359631791710854,293
4259,0.00978718139231205,293
4260,-0.04866134375333786,293
4261,-0.007990509271621704,293
4262,0.0006128130480647087,293
4263,-0.11248345673084259,293
4264,-0.040274303406476974,293
4265,0.009409122169017792,293
4266,-0.17646268010139465,293
4267,-0.0010523764649406075,293
4268,-0.025517096742987633,293
4269,-0.01188147533684969,293
4270,0.030111348256468773,293
4271,-0.0057026599533855915,293
4272,-0.00227353535592556,293
4273,0.034483470022678375,293
4274,0.005333505105227232,293
4275,0.005343316588550806,293
4276,-0.07345707714557648,293
4277,0.2523253560066223,293
4278,-0.11979882419109344,293
4279,0.019476406276226044,293
4280,-0.7175408005714417,293
4281,0.014367951080203056,293
4282,0.005831660702824593,293
4283,-0.11480014026165009,293
4284,-0.026747766882181168,293
4285,0.050753138959407806,293
4286,-0.06249737739562988,293
4287,0.08408418297767639,293
4288,-0.016697512939572334,293
4289,0.040672820061445236,293
4290,-0.02649657242000103,293
4291,-0.02146904356777668,293
4292,-0.014934174716472626,293
4293,0.12818469107151031,293
4294,-0.43360963463783264,293
4295,-0.009939947165548801,293
4296,0.013501310721039772,293
4297,0.0011691688559949398,293
4298,-0.020488601177930832,293
4299,-0.025573862716555595,293
4300,-0.2952935993671417,293
4301,-0.059701770544052124,293
4302,-0.04217038303613663,293
4303,0.26465702056884766,293
4304,0.2733879089355469,293
4305,0.276069700717926,293
4306,-0.023676728829741478,293
4307,0.002031763084232807,293
4308,0.0163300521671772,293
4309,0.004650736693292856,293
4310,-0.20042303204536438,293
4311,-0.020108049735426903,293
4312,0.1463319957256317,293
4313,0.03646734729409218,293
4314,-0.0018446305766701698,293
4315,-0.5022053718566895,293
4316,0.060713812708854675,293
4317,-0.005476286169141531,293
4318,0.13188453018665314,293
4319,0.13972988724708557,293
4320,-0.06672192364931107,293
4321,-0.11689735949039459,293
4322,0.040076322853565216,293
4323,-0.005172343458980322,293
4324,-0.024111514911055565,293
4325,0.18057087063789368,293
4326,0.014137578196823597,293
4327,0.022437484934926033,293
4328,-0.23366287350654602,293
4329,0.035831548273563385,293
4330,0.05368146300315857,293
4331,-0.017264872789382935,293
4332,-0.25598853826522827,293
4333,0.0013640165561810136,293
4334,-0.005277113988995552,293
4335,-0.014780157245695591,293
4336,-0.06378114968538284,293
4337,-0.11542995274066925,293
4338,0.05022428184747696,293
4339,-0.009551946073770523,293
4340,0.021187959238886833,293
4341,-0.007807150948792696,293
4342,-0.24299049377441406,293
4343,0.042667217552661896,293
4344,0.16213873028755188,293
4345,0.02041364088654518,293
4346,0.02546382136642933,293
4347,0.29302310943603516,293
4348,-0.04716280475258827,293
4349,0.0383954681456089,293
4350,-0.023147884756326675,293
4351,0.011763984337449074,293
4352,0.06617330759763718,293
4353,-0.030641505494713783,293
4354,0.004243817180395126,293
4355,0.056720223277807236,293
4356,-0.2938375473022461,293
4357,0.027224745601415634,293
4358,-0.012022952549159527,293
4359,-0.03326091915369034,293
4360,-0.024292703717947006,293
4361,-0.008229347877204418,293
4362,0.05607528239488602,293
4363,-0.0827752947807312,293
4364,-0.001195843331515789,293
4365,-0.10615552961826324,293
4366,0.007640513591468334,293
4367,-0.057789869606494904,293
4368,-0.0037336330860853195,293
4369,-0.00549499923363328,293
4370,0.012879312969744205,293
4371,0.1461610496044159,293
4372,0.02382228896021843,293
4373,-0.0683036595582962,293
4374,-0.053178511559963226,293
4375,-0.0009733107872307301,293
4376,0.008302612230181694,293
4377,-0.0045564137399196625,293
4378,0.008515434339642525,293
4379,-0.10220383107662201,293
4380,-0.015419740229845047,293
4381,-0.0016968065174296498,293
4382,0.05207965523004532,293
4383,-0.015606720931828022,293
4384,-0.1462382972240448,293
4385,-0.0029476520139724016,293
4386,-0.005717793479561806,293
4387,0.003436870174482465,293
4388,0.05575045570731163,293
4389,-0.023761864751577377,293
4390,-0.021249284967780113,293
4391,-0.03764169290661812,293
4392,0.050233181565999985,293
4393,0.03138011321425438,293
4394,0.4820796251296997,293
4395,-0.0015246268594637513,293
4396,0.08789695054292679,293
4397,-0.04479078948497772,293
4398,-0.016203084960579872,293
4399,-0.04801366105675697,293
4400,0.002975175157189369,293
4401,-0.04057770222425461,293
4402,-0.01291565876454115,293
4403,0.012238819152116776,293
4404,-0.08064162731170654,293
4405,0.1093081533908844,293
4406,-0.016588252037763596,293
4407,0.08410991728305817,293
4408,0.06159376725554466,293
4409,-0.0018105024937540293,293
4410,-0.009165314957499504,293
4411,-0.011707397177815437,293
4412,0.023483343422412872,293
4413,-0.03873704373836517,293
4414,0.029424481093883514,293
4415,-0.008605796843767166,293
4416,-0.0017038665246218443,293
4417,0.15961045026779175,293
4418,0.09145374596118927,293
4419,0.16802987456321716,293
4420,0.05666317045688629,293
4421,0.41886651515960693,293
4422,-0.008369844406843185,293
4423,0.04308638721704483,293
4424,0.5131732225418091,293
4425,-0.07150962948799133,293
4426,-0.007598007097840309,293
4427,0.023420345038175583,293
4428,-0.008982746861875057,293
4429,0.10932889580726624,293
4430,-0.008649040013551712,293
4431,-0.41652074456214905,293
4432,-0.00024826632579788566,293
4433,-0.006026614923030138,293
4434,-0.02301003225147724,293
4435,0.10773388296365738,293
4436,-0.023386485874652863,293
4437,0.09631641209125519,293
4438,0.012538624927401543,293
4439,-0.014965767040848732,293
4440,0.058834269642829895,293
4441,-0.15509770810604095,293
4442,0.060936491936445236,293
4443,-0.5331114530563354,293
4444,-0.06866482645273209,293
4445,0.08863584697246552,293
4446,0.0035716556012630463,293
4447,0.019278857856988907,293
4448,0.0007082403171807528,293
4449,0.007896794937551022,293
4450,-0.03954631835222244,293
4451,0.007437378168106079,293
4452,0.039063625037670135,293
4453,0.015439776703715324,293
4454,-0.06023291498422623,293
4455,-5.9441663324832916e-05,293
4456,-0.048067353665828705,293
4457,-0.0029495328199118376,293
4458,-0.006363663822412491,293
4459,-0.022347357124090195,293
4460,0.01768682152032852,293
4461,-0.025186801329255104,293
4462,-0.00469482084736228,293
4463,0.07527215778827667,293
4464,-0.20846237242221832,293
4465,-0.05595098435878754,293
4466,0.13782954216003418,293
4467,0.09365814924240112,293
4468,0.03150585666298866,293
4469,0.0030624819919466972,293
4470,-0.007580431178212166,293
4471,0.30389082431793213,293
4472,-0.006877334788441658,293
4473,0.11772414296865463,293
4474,-0.16927285492420197,293
4475,-0.09334485232830048,293
4476,-0.3949815332889557,293
4477,-0.0028912387788295746,293
4478,-0.005903107579797506,293
4479,-0.0029678756836801767,293
4480,0.22464340925216675,293
4481,0.006063979119062424,293
4482,-0.017378689721226692,293
4483,-0.0002785399556159973,293
4484,-0.0017388941487297416,293
4485,0.14096908271312714,293
4486,-0.12400192022323608,293
4487,-0.0785234272480011,293
4488,0.07064583897590637,293
4489,-0.030025428161025047,293
4490,0.028848212212324142,293
4491,-0.20034818351268768,293
4492,0.035990163683891296,293
4493,0.023093611001968384,293
4494,0.00047395098954439163,293
4495,0.008446156978607178,293
4496,0.020898202434182167,293
4497,-0.0006992560811340809,293
4498,0.001496126176789403,293
4499,0.04288076236844063,293
4500,-0.017515424638986588,293
4501,-0.004561588168144226,293
4502,-0.12977373600006104,293
4503,-0.27586108446121216,293
4504,-0.0810011774301529,293
4505,0.002684160601347685,293
4506,0.16727666556835175,293
4507,-0.03692255914211273,293
4508,0.07884769886732101,293
4509,0.0005421602400019765,293
4510,-0.037630029022693634,293
4511,0.029752299189567566,293
4512,-0.001564154401421547,293
4513,0.0004930418217554688,293
4514,-0.06557591259479523,293
4515,0.12376363575458527,293
4516,0.10768423229455948,293
4517,-0.08889442682266235,293
4518,-0.17027251422405243,293
4519,-0.01052834652364254,293
4520,-0.013065014034509659,293
4521,0.010070586577057838,293
4522,-0.06160420551896095,293
4523,0.26834583282470703,293
4524,0.6112740635871887,293
4525,-0.05096227675676346,293
4526,-0.015068680047988892,293
4527,-0.10651831328868866,293
4528,0.005317704752087593,293
4529,-0.022061102092266083,293
4530,0.02757229283452034,293
4531,0.08417798578739166,293
4532,-0.006067231297492981,293
4533,-0.02596442773938179,293
4534,0.045316800475120544,293
4535,-0.007293836213648319,293
4536,-0.02452431619167328,293
4537,0.09444251656532288,293
4538,0.07272274047136307,293
4539,0.021682478487491608,293
4540,-0.2303808331489563,293
4541,-0.005069131497293711,293
4542,0.0700550228357315,293
4543,-0.06973037868738174,293
4544,0.2646750211715698,293
4545,-0.0036795996129512787,293
4546,-0.04909255728125572,293
4547,-0.015118904411792755,293
4548,-0.07086464762687683,293
4549,0.03205638751387596,293
4550,-0.015858590602874756,293
4551,-0.1014397144317627,293
4552,-0.20660731196403503,293
4553,-0.004969676956534386,293
4554,-0.033619098365306854,293
4555,-0.03784427046775818,293
4556,-0.050644926726818085,293
4557,0.009660912677645683,293
4558,0.0342172347009182,293
4559,0.016228340566158295,293
4560,-0.027598105370998383,293
4561,0.006882039830088615,293
4562,-0.11315355449914932,293
4563,0.054859936237335205,293
4564,-0.06966660916805267,293
4565,-0.056533053517341614,293
4566,-0.026733344420790672,293
4567,0.006331253796815872,293
4568,-0.1190270483493805,293
4569,0.04267493635416031,293
4570,0.16264915466308594,293
4571,-0.01286391168832779,293
4572,0.1825903207063675,293
4573,-0.05004929378628731,293
4574,-0.09364695847034454,293
4575,-0.033954866230487823,293
4576,-0.002288654912263155,293
4577,-0.02925178036093712,293
4578,-0.014058392494916916,293
4579,0.2795417308807373,293
4580,-0.08250278234481812,293
4581,-0.007109181489795446,293
4582,0.015183545649051666,293
4583,0.031134536489844322,293
4584,-0.0034159214701503515,293
4585,-0.05267736315727234,293
4586,0.03032281994819641,293
4587,-0.5385029315948486,293
4588,-0.02953951805830002,293
4589,-0.0010344621259719133,293
4590,0.016128862276673317,293
4591,-0.009074562229216099,293
4592,0.06232075020670891,293
4593,0.157282292842865,293
4594,-0.0005881895194761455,293
4595,0.014751159586012363,293
4596,0.014603757299482822,293
4597,0.21274924278259277,293
4598,0.13494279980659485,293
4599,-0.0008741404162719846,293
4600,-0.24013987183570862,293
4601,-0.0027349982410669327,293
4602,-0.17853033542633057,293
4603,-0.1529240757226944,293
4604,0.06814496219158173,293
4605,0.26286959648132324,293
4606,-0.7111020088195801,293
4607,0.15705308318138123,293
4608,0.040047913789749146,293
4609,-0.003898270893841982,293
4610,-0.060799092054367065,293
4611,-0.003428232856094837,293
4612,0.008395240642130375,293
4613,-0.20973902940750122,293
4614,0.0317208394408226,293
4615,0.06877100467681885,293
4616,0.12172462791204453,293
4617,0.10719924420118332,293
4618,0.04990500956773758,293
4619,0.17232178151607513,293
4620,-0.1478722244501114,293
4621,0.03827580809593201,293
4622,-0.06749094277620316,293
4623,-0.16782774031162262,293
4624,0.2271140217781067,293
4625,0.042489856481552124,293
4626,-0.05372510850429535,293
4627,-0.004335357341915369,293
4628,-0.00012966478243470192,293
4629,0.11557398736476898,293
4630,-0.022731933742761612,293
4631,-0.037470582872629166,293
4632,0.019680548459291458,293
4633,0.004865461494773626,293
4634,-0.03227205574512482,293
4635,-0.049623940140008926,293
4636,-0.05344899743795395,293
4637,-0.09843269735574722,293
4638,-0.08700300008058548,293
4639,0.015056787058711052,293
4640,-0.012004724703729153,293
4641,-0.0026409318670630455,293
4642,0.02431129291653633,293
4643,0.019429046660661697,293
4644,0.17973779141902924,293
4645,0.007900932803750038,293
4646,-0.00857849232852459,293
4647,-0.027516642585396767,293
4648,-0.0122374901548028,293
4649,-0.0007790011004544795,293
4650,-0.017871886491775513,293
4651,-0.008053261786699295,293
4652,-0.5367956161499023,293
4653,0.09587298333644867,293
4654,0.34381014108657837,293
4655,0.034127380698919296,293
4656,0.26751619577407837,293
4657,-0.003924203105270863,293
4658,0.24183467030525208,293
4659,-0.003218071535229683,293
4660,0.11820322275161743,293
4661,-0.06841415911912918,293
4662,0.12705060839653015,293
4663,-0.09016896039247513,293
4664,-0.035258062183856964,293
4665,-0.011429151520133018,293
4666,0.1392132192850113,293
4667,-0.01954592578113079,293
4668,0.07184623181819916,293
4669,0.00653919018805027,293
4670,0.02203887328505516,293
4671,-0.07590172439813614,293
4672,0.014975564554333687,293
4673,-0.06957922130823135,293
4674,-0.03883277252316475,293
4675,-0.09947087615728378,293
4676,0.03430674225091934,293
4677,0.10663264989852905,293
4678,-0.001202306943014264,293
4679,-0.007784638553857803,293
4680,-0.10090549290180206,293
4681,-0.035898175090551376,293
4682,-0.20810961723327637,293
4683,-0.06517171114683151,293
4684,0.0006124910432845354,293
4685,0.023697730153799057,293
4686,0.3310568332672119,293
4687,-0.06070978194475174,293
4688,0.014204961247742176,293
4689,-0.007906388491392136,293
4690,0.04293202981352806,293
4691,0.0020008590072393417,293
4692,0.07990588247776031,293
4693,0.12431098520755768,293
4694,-0.06755045056343079,293
4695,-0.053828511387109756,293
4696,0.05542144924402237,293
4697,-0.03230271115899086,293
4698,-0.05172176659107208,293
4699,0.009959649294614792,293
4700,0.19085994362831116,293
4701,-0.3409488797187805,293
4702,-0.005541173741221428,293
4703,0.20991051197052002,293
4704,0.17831426858901978,293
4705,0.10426431894302368,293
4706,-0.008488458581268787,293
4707,-0.1723598688840866,293
4708,-0.008919898420572281,293
4709,-0.022194160148501396,293
4710,-0.008204547688364983,293
4711,-0.038074493408203125,293
4712,-0.4400215744972229,293
4713,0.221942737698555,293
4714,0.12820224463939667,293
4715,0.15612538158893585,293
4716,-0.016191739588975906,293
4717,-0.00043493128032423556,293
4718,-0.11329873651266098,293
4719,0.030906300991773605,293
4720,0.01198827289044857,293
4721,0.059780530631542206,293
4722,0.033117540180683136,293
4723,-0.01662539318203926,293
4724,0.2534378170967102,293
4725,0.0053371405228972435,293
4726,-0.0068563977256417274,293
4727,0.07864558696746826,293
4728,0.4381433129310608,293
4729,-0.0028288753237575293,293
4730,0.15456491708755493,293
4731,0.02989879995584488,293
4732,-0.0010555199114605784,293
4733,-0.0010612085461616516,293
4734,-0.4011842906475067,293
4735,0.01851472072303295,293
4736,-0.0006080393213778734,293
4737,0.031966712325811386,293
4738,-0.12620121240615845,293
4739,-0.11638323217630386,293
4740,-0.35078322887420654,293
4741,0.007835475727915764,293
4742,-0.009355876594781876,293
4743,0.001954709878191352,293
4744,0.043775804340839386,293
4745,-0.18468329310417175,293
4746,0.03379116207361221,293
4747,-0.0033506941981613636,293
4748,-0.011128789745271206,293
4749,0.01076594926416874,293
4750,-0.027731221169233322,293
4751,-0.0342264361679554,293
4752,-0.14870788156986237,293
4753,0.041989609599113464,293
4754,0.019056618213653564,293
4755,0.2838032841682434,293
4756,0.0061197057366371155,293
4757,0.0515514612197876,293
4758,0.1550464630126953,293
4759,0.09737102687358856,293
4760,-0.04167000204324722,293
4761,0.02304217219352722,293
4762,0.042370378971099854,293
4763,0.0972437858581543,293
4764,0.11987753212451935,293
4765,-0.06475383043289185,293
4766,-0.012247301638126373,293
4767,-0.016187191009521484,293
4768,-0.004992114380002022,293
4769,-0.19082844257354736,293
4770,0.07723692804574966,293
4771,-0.002622324740514159,293
4772,-0.5886225700378418,293
4773,0.00781438872218132,293
4774,-0.20192530751228333,293
4775,0.049485258758068085,293
4776,0.024040982127189636,293
4777,0.009829645045101643,293
4778,-0.01625131443142891,293
4779,-0.007329655345529318,293
4780,-0.03335865959525108,293
4781,-0.0027233895380049944,293
4782,-0.008682306855916977,293
4783,-0.18195828795433044,293
4784,-0.47111475467681885,293
4785,0.09991490095853806,293
4786,-0.049393340945243835,293
4787,-0.012031063437461853,293
4788,0.0509883277118206,293
4789,-0.019662443548440933,293
4790,-0.004705903120338917,293
4791,-0.0015758166555315256,293
4792,0.008330306969583035,293
4793,-0.014927554875612259,293
4794,-0.2764935791492462,293
4795,-0.034628450870513916,293
4796,-0.0028751888312399387,293
4797,-0.00039347808342427015,293
4798,-0.016723349690437317,293
4799,0.28621673583984375,293
4800,-0.007546375505626202,293
4801,0.08567531406879425,293
4802,-0.11988385021686554,293
4803,0.009392480365931988,293
4804,0.0010288917692378163,293
4805,-0.0019953190349042416,293
4806,-0.02785089612007141,293
4807,-0.08084670454263687,293
4808,0.04868443310260773,293
4809,-0.009417453780770302,293
4810,0.009330617263913155,293
4811,-0.12743377685546875,293
4812,-0.00858845841139555,293
4813,-0.006320484448224306,293
4814,0.07008368521928787,293
4815,0.007197816856205463,293
4816,-0.00019608582078944892,293
4817,-0.004546027164906263,293
4818,-0.010757560841739178,293
4819,-0.018364781513810158,293
4820,-0.0007430370897054672,293
4821,-0.05237702280282974,293
4822,-0.10245643556118011,293
4823,-0.002351471921429038,293
4824,0.027594972401857376,293
4825,-0.011848138645291328,293
4826,-0.05984107404947281,293
4827,-0.004098519682884216,293
4828,0.029548361897468567,293
4829,0.012833590619266033,293
4830,0.12325058877468109,293
4831,-0.014184508472681046,293
4832,-0.44330906867980957,293
4833,0.0029603135772049427,293
4834,-0.013776171021163464,293
4835,0.23147687315940857,293
4836,-0.1418021321296692,293
4837,0.15395259857177734,293
4838,-0.03197531774640083,293
4839,-0.18086537718772888,293
4840,-0.0019161622039973736,293
4841,0.04730565473437309,293
4842,-0.015046235173940659,293
4843,-0.00887393206357956,293
4844,-0.002584518864750862,293
4845,-0.009161497466266155,293
4846,0.08037270605564117,293
4847,0.05553009733557701,293
4848,0.05188316851854324,293
4849,-0.0795411467552185,293
4850,0.17201665043830872,293
4851,0.558527946472168,293
4852,-0.019754057750105858,293
4853,-0.007070261985063553,293
4854,0.00833619013428688,293
4855,-0.018818620592355728,293
4856,-0.27023670077323914,293
4857,-0.14387871325016022,293
4858,0.1161319836974144,293
4859,0.041646700352430344,293
4860,-0.007311560213565826,293
4861,-0.007031626999378204,293
4862,-0.0029570527840405703,293
4863,0.0024250552523881197,293
4864,-0.06050476059317589,293
4865,0.010945170186460018,293
4866,0.018725059926509857,293
4867,-0.11369258165359497,293
4868,0.11489851027727127,293
4869,-0.33792316913604736,293
4870,-0.037750087678432465,293
4871,-0.009649538435041904,293
4872,-0.06651834398508072,293
4873,0.13470275700092316,293
4874,-0.3066572844982147,293
4875,-0.008272701874375343,293
4876,-0.007336840033531189,293
4877,0.0018827514722943306,293
4878,-0.27113115787506104,293
4879,-0.01121680811047554,293
4880,0.012632174417376518,293
4881,-0.004225165583193302,293
4882,-0.0027277544140815735,293
4883,-0.026275191456079483,293
4884,0.521016001701355,293
4885,-0.00013266154564917088,293
4886,0.06016135588288307,293
4887,-0.055896297097206116,293
4888,0.02614673599600792,293
4889,-0.01040731929242611,293
4890,-0.04544869437813759,293
4891,-0.09304279088973999,293
4892,-0.006952768191695213,293
4893,0.005027925595641136,293
4894,-0.05725286155939102,293
4895,-0.0014769702684134245,293
4896,-0.02803649939596653,293
4897,0.021681368350982666,293
4898,-0.00020351173589006066,293
4899,-0.003484524553641677,293
4900,-0.0115705206990242,293
4901,0.020313739776611328,293
4902,8.802791126072407e-05,293
4903,0.31996986269950867,293
4904,-0.0028283903375267982,293
4905,-0.0020329407416284084,293
4906,0.006265867501497269,293
4907,0.2705782949924469,293
4908,-0.01581203006207943,293
4909,0.09801915287971497,293
4910,0.01898219808936119,293
4911,-0.0017894525080919266,293
4912,-0.19600921869277954,293
4913,-0.003670729696750641,293
4914,0.015016916207969189,293
4915,-0.02789022959768772,293
4916,0.0016588550060987473,293
4917,0.01642575114965439,293
4918,-0.007500841282308102,293
4919,0.028445705771446228,293
4920,-0.190568208694458,293
4921,0.007087368052452803,293
4922,0.01932542957365513,293
4923,-0.0019424958154559135,293
4924,0.011169284582138062,293
4925,-0.011318717151880264,293
4926,-0.30871716141700745,293
4927,-0.17009222507476807,293
4928,0.05888122320175171,293
4929,-0.015377715229988098,293
4930,-0.0074287112802267075,293
4931,0.19790345430374146,293
4932,-0.11822260916233063,293
4933,-0.006222424563020468,293
4934,0.020227551460266113,293
4935,0.03739268705248833,293
4936,0.02408268116414547,293
4937,-0.03099013864994049,293
4938,0.0550457164645195,293
4939,0.11991414427757263,293
4940,-0.3074260950088501,293
4941,-0.014735782518982887,293
4942,0.08842185884714127,293
4943,-0.11014123260974884,293
4944,0.017386678606271744,293
4945,-0.030257880687713623,293
4946,-0.01488521322607994,293
4947,0.016998454928398132,293
4948,-0.007942240685224533,293
4949,0.11384996771812439,293
4950,-0.07695489376783371,293
4951,-0.009349687024950981,293
4952,0.13680249452590942,293
4953,0.02457261085510254,293
4954,0.5453191995620728,293
4955,0.026477932929992676,293
4956,-0.009991433471441269,293
4957,0.017839834094047546,293
4958,-0.24197110533714294,293
4959,-0.005609620362520218,293
4960,-0.08341237157583237,293
4961,-0.019105682149529457,293
4962,-0.027226410806179047,293
4963,-0.010416818782687187,293
4964,0.00786263681948185,293
4965,0.02219676412642002,293
4966,0.0008478771196678281,293
4967,-0.09108997881412506,293
4968,-0.07976274192333221,293
4969,-0.02505546808242798,293
4970,-0.0064206537790596485,293
4971,-0.23736873269081116,293
4972,0.18702563643455505,293
4973,0.05091628432273865,293
4974,0.013462129049003124,293
4975,-0.0002455199137330055,293
4976,0.14822030067443848,293
4977,-0.008212709799408913,293
4978,-0.07624253630638123,293
4979,-0.04395587742328644,293
4980,-0.09082364290952682,293
4981,0.03149323910474777,293
4982,-0.005368954502046108,293
4983,0.00018322281539440155,293
4984,-0.7519947290420532,293
4985,-0.014162613078951836,293
4986,-0.12925097346305847,293
4987,0.2591203451156616,293
4988,-0.065403513610363,293
4989,-0.0333370715379715,293
4990,0.07720243185758591,293
4991,0.0038906754925847054,293
4992,-0.05109063535928726,293
4993,0.03756537288427353,293
4994,-0.3980039656162262,293
4995,0.0007736259140074253,293
4996,-0.034380123019218445,293
4997,0.0018040775321424007,293
4998,-0.0010867640376091003,293
4999,-0.38437098264694214,293
5000,-0.020547721534967422,293
5001,-0.0480828583240509,293
5002,-0.014299944043159485,293
5003,0.017025455832481384,293
5004,0.084149569272995,293
5005,0.03635311499238014,293
5006,0.11083724349737167,293
5007,0.14893653988838196,293
5008,-0.17069995403289795,293
5009,0.0017924252897500992,293
5010,0.15371304750442505,293
5011,-0.09224833548069,293
5012,0.13132064044475555,293
5013,-0.10524597018957138,293
5014,0.26166507601737976,293
5015,-0.14825159311294556,293
5016,-0.000725490041077137,293
5017,0.009435886517167091,293
5018,0.027244247496128082,293
5019,-0.10286419093608856,293
5020,0.01536319125443697,293
5021,-0.19481949508190155,293
5022,0.00021555786952376366,293
5023,0.07686178386211395,293
5024,0.012505907565355301,293
5025,0.0428769588470459,293
5026,-0.03126167505979538,293
5027,-0.007512617390602827,293
5028,0.28652870655059814,293
5029,-0.023908672854304314,293
5030,-0.02297060564160347,293
5031,-0.09464561194181442,293
5032,0.1431051641702652,293
5033,0.020381774753332138,293
5034,-0.11409920454025269,293
5035,-0.008038969710469246,293
5036,0.020227037370204926,293
5037,0.2117709368467331,293
5038,-0.0047704544849693775,293
5039,0.0069267950020730495,293
5040,0.13313643634319305,293
5041,-0.015491621568799019,293
5042,-0.03958520293235779,293
5043,-0.02507094293832779,293
5044,0.01305132731795311,293
5045,0.7428085803985596,293
5046,-0.1674678474664688,293
5047,-0.0464918315410614,293
5048,-0.003000997006893158,293
5049,-0.1398964375257492,293
5050,0.1274210661649704,293
5051,-0.008086232468485832,293
5052,0.04741200804710388,293
5053,-0.01294433232396841,293
5054,0.0367569662630558,293
5055,0.0007230779156088829,293
5056,0.006127783562988043,293
5057,0.005784148350358009,293
5058,-0.08120141178369522,293
5059,-0.010157333686947823,293
5060,0.022010821849107742,293
5061,0.009674862958490849,293
5062,-0.04318787530064583,293
5063,-0.18003569543361664,293
5064,-0.002783651929348707,293
5065,0.0066741229966282845,293
5066,0.0026730878744274378,293
5067,-0.03775414824485779,293
5068,-0.027444880455732346,293
5069,0.12804490327835083,293
5070,-0.0267978273332119,293
5071,-0.04854698106646538,293
5072,0.0730632096529007,293
5073,-0.014036441221833229,293
5074,-0.0022383129689842463,293
5075,0.04472128301858902,293
5076,-0.04065704345703125,293
5077,0.012938474304974079,293
5078,-0.06630217283964157,293
5079,0.0026842262595891953,293
5080,0.036192212253808975,293
5081,0.09921438992023468,293
5082,0.0559566393494606,293
5083,-0.005451933480799198,293
5084,0.09217803180217743,293
5085,-0.4911209046840668,293
5086,-0.09534522891044617,293
5087,-0.00297563592903316,293
5088,-0.20738855004310608,293
5089,0.021466081961989403,293
5090,-0.020972516387701035,293
5091,0.030011678114533424,293
5092,-0.07754265516996384,293
5093,-0.009151711128652096,293
5094,0.01381237804889679,293
5095,-0.04958502575755119,293
5096,0.4804680347442627,293
5097,-0.05182007700204849,293
5098,0.04843432456254959,293
5099,0.00630352133885026,293
5100,-0.20809519290924072,293
5101,-0.029827557504177094,293
5102,-0.027256470173597336,293
5103,-0.1701618880033493,293
5104,0.19929161667823792,293
5105,0.11998993158340454,293
5106,0.4915130138397217,293
5107,-0.004840652458369732,293
5108,0.007557759061455727,293
5109,0.09818065911531448,293
5110,0.09169293940067291,293
5111,0.051106005907058716,293
5112,-0.12488839775323868,293
5113,-0.01694338209927082,293
5114,-0.05672316253185272,293
5115,-0.00498069915920496,293
5116,-0.0006693589966744184,293
5117,0.02509128488600254,293
5118,-0.0025501661002635956,293
5119,-0.006709901150316,293
5120,-0.20309023559093475,293
5121,-0.04391203820705414,293
5122,0.07346826791763306,293
5123,-0.043946586549282074,293
5124,-0.048538729548454285,293
5125,-0.08064908534288406,293
5126,-0.026026181876659393,293
5127,-0.13600575923919678,293
5128,-0.007601265329867601,293
5129,0.06702510267496109,293
5130,0.016012713313102722,293
5131,0.018268954008817673,293
5132,0.08102118968963623,293
5133,0.0064666494727134705,293
5134,-0.005930486135184765,293
5135,-0.0980348214507103,293
5136,-0.09277309477329254,293
5137,-0.010455403476953506,293
5138,0.055635835975408554,293
5139,-0.00047217158135026693,293
5140,-0.13162636756896973,293
5141,-0.015261640772223473,293
5142,0.07148471474647522,293
5143,0.12194886803627014,293
5144,0.10234464704990387,293
5145,-0.01908584125339985,293
5146,-0.3000698685646057,293
5147,-0.04877176135778427,293
5148,-0.00490476842969656,293
5149,-0.0028191152960062027,293
5150,0.010276653803884983,293
5151,-8.97054560482502e-05,293
5152,-0.02230825647711754,293
5153,0.03482729196548462,293
5154,0.07241107523441315,293
5155,0.36762675642967224,293
5156,-0.01577034220099449,293
5157,-0.19965198636054993,293
5158,0.039281055331230164,293
5159,0.03319358453154564,293
5160,-0.017105037346482277,293
5161,0.04909079894423485,293
5162,0.1923294961452484,293
5163,0.01405354868620634,293
5164,-0.24593645334243774,293
5165,0.0017589195631444454,293
5166,-0.033339355140924454,293
5167,-0.14311178028583527,293
5168,-0.08631744980812073,293
5169,0.08071063458919525,293
5170,-0.03623363375663757,293
5171,0.2080664038658142,293
5172,-0.0040939198806881905,293
5173,0.022189656272530556,293
5174,-0.06285323947668076,293
5175,-0.04020402580499649,293
5176,0.03642135486006737,293
5177,0.040586695075035095,293
5178,-0.08243187516927719,293
5179,-0.012891717255115509,293
5180,0.14079412817955017,293
5181,0.02689301408827305,293
5182,-0.09208090603351593,293
5183,-0.003080084454268217,293
5184,-0.03394150733947754,293
5185,-0.07826808094978333,293
5186,-0.0047959499061107635,293
5187,-0.23646794259548187,293
5188,0.002765620592981577,293
5189,-0.08242005109786987,293
5190,0.013493506237864494,293
5191,0.0037445814814418554,293
5192,0.012146688997745514,293
5193,0.05948211997747421,293
5194,-0.02696266770362854,293
5195,-0.021380629390478134,293
5196,0.13380242884159088,293
5197,0.16714981198310852,293
5198,-0.04768430441617966,293
5199,-0.0014441990060731769,293
5200,0.40005722641944885,293
5201,-0.3126668334007263,293
5202,-0.015100080519914627,293
5203,0.12902894616127014,293
5204,-0.047996971756219864,293
5205,0.034536123275756836,293
5206,-0.06620417535305023,293
5207,0.002910865703597665,293
5208,0.09288698434829712,293
5209,0.03004210814833641,293
5210,0.04468713328242302,293
5211,-0.09666240215301514,293
5212,0.07562275230884552,293
5213,-0.012699941173195839,293
5214,0.1775386929512024,293
5215,0.2064584642648697,293
5216,0.21616551280021667,293
5217,0.0036913915537297726,293
5218,0.0983114242553711,293
5219,0.18733426928520203,293
5220,-0.01640491746366024,293
5221,-0.003930659033358097,293
5222,0.002145215403288603,293
5223,-0.07471468299627304,293
5224,0.015936216339468956,293
5225,0.029110116884112358,293
5226,-0.017259124666452408,293
5227,-0.011796900071203709,293
5228,-0.07886063307523727,293
5229,-0.528316855430603,293
5230,-0.405244916677475,293
5231,-0.004858916159719229,293
5232,0.11169043183326721,293
5233,0.10072360187768936,293
5234,0.000174378277733922,293
5235,0.03652716800570488,293
5236,0.01066250167787075,293
5237,0.01708415150642395,293
5238,0.008027561940252781,293
5239,-0.04735518991947174,293
5240,-0.010187806561589241,293
5241,0.0032541248947381973,293
5242,0.2803536653518677,293
5243,-0.013340608216822147,293
5244,-0.029472684487700462,293
5245,0.003608600702136755,293
5246,0.487467885017395,293
5247,-0.01082633901387453,293
5248,-0.021736105903983116,293
5249,0.1061662882566452,293
5250,-0.09690657258033752,293
5251,0.018252313137054443,293
5252,-0.0058000837452709675,293
5253,0.0009921431774273515,293
5254,-0.01699710823595524,293
5255,-0.1174299567937851,293
5256,-0.009461089968681335,293
5257,-0.005829296540468931,293
5258,0.009645004756748676,293
5259,-0.11518526077270508,293
5260,-0.09458084404468536,293
5261,-0.015913359820842743,293
5262,-0.03253944218158722,293
5263,-0.11329610645771027,293
5264,0.1178450956940651,293
5265,-0.129774808883667,293
5266,-0.05781952291727066,293
5267,-0.0011104613076895475,293
5268,-0.049711160361766815,293
5269,0.11283157765865326,293
5270,-0.03982554376125336,293
5271,-0.025817707180976868,293
5272,-0.007469763979315758,293
5273,0.06974327564239502,293
5274,0.09864215552806854,293
5275,0.011178490705788136,293
5276,0.11952801048755646,293
5277,-0.062301188707351685,293
5278,-0.09445634484291077,293
5279,-0.06799748539924622,293
5280,-0.2125275433063507,293
5281,0.0307493694126606,293
5282,-0.01908331736922264,293
5283,0.3179222643375397,293
5284,0.0551045760512352,293
5285,0.18247342109680176,293
5286,-0.05191647261381149,293
5287,-0.0043423958122730255,293
5288,0.11708872765302658,293
5289,0.014092525467276573,293
5290,-0.013603448867797852,293
5291,-0.08352147042751312,293
5292,0.013115821406245232,293
5293,0.009531011804938316,293
5294,0.04749222844839096,293
5295,0.028349772095680237,293
5296,0.0962081253528595,293
5297,-0.054308392107486725,293
5298,0.06344830989837646,293
5299,-0.1803087592124939,293
5300,-0.010213431902229786,293
5301,-0.01622903347015381,293
5302,0.15359461307525635,293
5303,0.019368328154087067,293
5304,0.04209659993648529,293
5305,0.03898623585700989,293
5306,-0.10507044941186905,293
5307,-0.013790697790682316,293
5308,0.008557021617889404,293
5309,-0.036111511290073395,293
5310,0.05632389336824417,293
5311,0.014310356229543686,293
5312,0.07591573894023895,293
5313,-0.012268207035958767,293
5314,-0.17499810457229614,293
5315,0.06304760277271271,293
5316,-0.002760913921520114,293
5317,0.1568380743265152,293
5318,0.027615031227469444,293
5319,0.060243602842092514,293
5320,-0.049419134855270386,293
5321,0.1016896516084671,293
5322,0.336894690990448,293
5323,-0.031624406576156616,293
5324,-0.25365257263183594,293
5325,-0.0006396425887942314,293
5326,0.023290138691663742,293
5327,0.1349167823791504,293
5328,0.4807656407356262,293
5329,0.20625460147857666,293
5330,0.018086105585098267,293
5331,0.18207713961601257,293
5332,0.0008741318015381694,293
5333,-0.054211582988500595,293
5334,-0.0030213952995836735,293
5335,-0.007844910956919193,293
5336,0.08950425684452057,293
5337,-0.0013075668830424547,293
5338,-0.022070419043302536,293
5339,0.11085601150989532,293
5340,-0.006752581801265478,293
5341,0.036027535796165466,293
5342,0.01862654834985733,293
5343,-0.039596110582351685,293
5344,0.011897922493517399,293
5345,0.256600558757782,293
5346,-0.27987274527549744,293
5347,0.02281743660569191,293
5348,0.02221749722957611,293
5349,-0.023043189197778702,293
5350,0.03603779524564743,293
5351,0.02789193019270897,293
5352,-0.0021355010103434324,293
5353,-0.00013012811541557312,293
5354,-0.018675750121474266,293
5355,-0.002051161602139473,293
5356,-0.08280323445796967,293
5357,-0.00367908226326108,293
5358,-0.22338184714317322,293
5359,-0.060493629425764084,293
5360,-0.4702691435813904,293
5361,-0.1441577523946762,293
5362,-0.015423696488142014,293
5363,0.02841966040432453,293
5364,0.08671937882900238,293
5365,-0.014529235661029816,293
5366,0.11395959556102753,293
5367,-0.061689093708992004,293
5368,0.060215216130018234,293
5369,0.09858080744743347,293
5370,0.05565936863422394,293
5371,0.058009278029203415,293
5372,0.0027633681893348694,293
5373,0.16706600785255432,293
5374,-0.07499419897794724,293
5375,-0.04458359628915787,293
5376,-0.08100114017724991,293
5377,-0.014595380052924156,293
5378,0.041318632662296295,293
5379,-0.03587978705763817,293
5380,-0.0015392323257401586,293
5381,-0.1745169460773468,293
5382,-0.17669245600700378,293
5383,0.053746297955513,293
5384,-0.40463897585868835,293
5385,-0.020741362124681473,293
5386,0.042457349598407745,293
5387,-0.5038576126098633,293
5388,0.0010629731696099043,293
5389,0.08384646475315094,293
5390,-0.031693026423454285,293
5391,-0.035453058779239655,293
5392,0.09296104311943054,293
5393,0.34015393257141113,293
5394,-0.035083334892988205,293
5395,-0.016210226342082024,293
5396,-0.017267335206270218,293
5397,0.004011297598481178,293
5398,-0.010280398651957512,293
5399,-0.09485337883234024,293
5400,0.03299623727798462,293
5401,0.06432731449604034,293
5402,0.0676877424120903,293
5403,-0.14076915383338928,293
5404,0.00013725645840168,293
5405,-0.004243904259055853,293
5406,0.023796821013092995,293
5407,0.04120005667209625,293
5408,0.004553285427391529,293
5409,-0.004639818798750639,293
5410,-0.05476057901978493,293
5411,0.02116043120622635,293
5412,-0.006541579030454159,293
5413,-0.002238927874714136,293
5414,-0.021614521741867065,293
5415,-0.07760057598352432,293
5416,0.13344144821166992,293
5417,-0.052215825766325,293
5418,0.01603793352842331,293
5419,0.0021011820062994957,293
5420,-0.1110999658703804,293
5421,0.19352364540100098,293
5422,0.03116363100707531,293
5423,-0.0835728794336319,293
5424,-0.07587872445583344,293
5425,0.22200660407543182,293
5426,-0.19799430668354034,293
5427,0.009387887082993984,293
5428,0.07977999001741409,293
5429,0.0005288365064188838,293
5430,-0.009157304652035236,293
5431,0.009938276372849941,293
5432,-0.007224858272820711,293
5433,0.011556306853890419,293
5434,0.031324055045843124,293
5435,0.04516207426786423,293
5436,8.800812065601349e-05,293
5437,0.0022242963314056396,293
5438,-0.3682575225830078,293
5439,0.0016564653487876058,293
5440,-0.015027573332190514,293
5441,0.23701255023479462,293
5442,-0.15156906843185425,293
5443,0.08275951445102692,293
5444,-0.004987040534615517,293
5445,0.07441781461238861,293
5446,0.046630796045064926,293
5447,0.01808832585811615,293
5448,-0.005434309132397175,293
5449,-0.006740205455571413,293
5450,0.038871899247169495,293
5451,0.3209475874900818,293
5452,0.035216763615608215,293
5453,0.12164758145809174,293
5454,0.05006936937570572,293
5455,0.09694921970367432,293
5456,-0.019736330956220627,293
5457,-0.07766212522983551,293
5458,-0.024242965504527092,293
5459,-0.005710724275559187,293
5460,0.00023775803856551647,293
5461,-0.08524662256240845,293
5462,0.06550592184066772,293
5463,-0.33249592781066895,293
5464,-0.1619969606399536,293
5465,0.06092824786901474,293
5466,0.13710328936576843,293
5467,-0.006774879526346922,293
5468,-0.04675062373280525,293
5469,0.15908218920230865,293
5470,0.23827868700027466,293
5471,0.0052423542365431786,293
5472,-0.04635117948055267,293
5473,-0.31392163038253784,293
5474,0.10757061094045639,293
5475,-0.3328710198402405,293
5476,0.00965893641114235,293
5477,-0.12584643065929413,293
5478,0.0891532301902771,293
5479,-0.2541579008102417,293
5480,-0.05006749927997589,293
5481,0.05758625268936157,293
5482,-0.0031849967781454325,293
5483,-0.22615601122379303,293
5484,0.0037920833565294743,293
5485,-0.03559808433055878,293
5486,0.36544492840766907,293
5487,0.0004995411727577448,293
5488,0.02516484446823597,293
5489,0.0008115903474390507,293
5490,0.0030577359721064568,293
5491,-0.008423569612205029,293
5492,-0.00350775383412838,293
5493,0.03405562788248062,293
5494,-0.1484806090593338,293
5495,-0.1700534075498581,293
5496,-0.012674044817686081,293
5497,-0.002261660760268569,293
5498,-0.002470577834174037,293
5499,0.15376698970794678,293
5500,0.0005154426326043904,293
5501,-0.4954918622970581,293
5502,-0.027927739545702934,293
5503,-0.008080553263425827,293
5504,0.06185101345181465,293
5505,-0.1817021369934082,293
5506,-0.017274241894483566,293
5507,-0.004095764365047216,293
5508,0.0051748501136898994,293
5509,0.038209594786167145,293
5510,0.0029771204572170973,293
5511,-0.0036370567977428436,293
5512,-0.014402896165847778,293
5513,-0.007232401520013809,293
5514,-0.002606136491522193,293
5515,0.07906363904476166,293
5516,0.029464345425367355,293
5517,-0.08755649626255035,293
5518,-0.013940522447228432,293
5519,0.06078605353832245,293
5520,-0.12382200360298157,293
5521,0.04126927629113197,293
5522,-0.1718713343143463,293
5523,-0.13632500171661377,293
5524,0.10762998461723328,293
5525,0.5418875813484192,293
5526,0.1286669373512268,293
5527,0.1573408544063568,293
5528,0.10637273639440536,293
5529,-0.02076459303498268,293
5530,-0.06394062936306,293
5531,-0.03960328921675682,293
5532,0.006200920324772596,293
5533,0.13855263590812683,293
5534,0.17577728629112244,293
5535,0.1673119068145752,293
5536,0.27767953276634216,293
5537,0.1458197832107544,293
5538,0.47773438692092896,293
5539,0.009929142892360687,293
5540,0.06106442213058472,293
5541,-0.0311477929353714,293
5542,0.03570227697491646,293
5543,-0.007234461605548859,293
5544,-0.2776881158351898,293
5545,-0.14048194885253906,293
5546,0.08132129907608032,293
5547,-0.05371248349547386,293
5548,-0.013811202719807625,293
5549,-0.01681700348854065,293
5550,-0.06288772821426392,293
5551,-0.11311271786689758,293
5552,-0.025439389050006866,293
5553,-0.021310389041900635,293
5554,-0.7096493244171143,293
5555,-0.015170982107520103,293
5556,-0.10592423379421234,293
5557,-0.023244505748152733,293
5558,-0.013248448260128498,293
5559,-0.08457918465137482,293
5560,-0.1851423680782318,293
5561,0.07416518777608871,293
5562,0.005638141185045242,293
5563,0.19831125438213348,293
5564,-0.028858240693807602,293
5565,0.0026983581483364105,293
5566,0.027232106775045395,293
5567,-0.16806334257125854,293
5568,-0.019058456644415855,293
5569,0.006715480238199234,293
5570,0.17804163694381714,293
5571,-0.0007267221808433533,293
5572,-0.0454595610499382,293
5573,0.06955483555793762,293
5574,0.0388515368103981,293
5575,-0.39295893907546997,293
5576,-0.0006270884769037366,293
5577,-0.10919097065925598,293
5578,-0.08039975166320801,293
5579,-0.06178322061896324,293
5580,0.016618378460407257,293
5581,-0.0475691594183445,293
5582,-0.08198760449886322,293
5583,-0.4237406849861145,293
5584,-0.0438525527715683,293
5585,-0.02425539866089821,293
5586,0.0005457745864987373,293
5587,-0.0101714376360178,293
5588,0.0689852237701416,293
5589,0.009506965056061745,293
5590,-0.016782637685537338,293
5591,4.8016197979450226e-05,293
5592,-0.0006469395011663437,293
5593,0.02014237269759178,293
5594,-0.4569069445133209,293
5595,-0.0003052798565477133,293
5596,-0.035653434693813324,293
5597,-0.16614556312561035,293
5598,0.0003470686497166753,293
5599,0.012890912592411041,293
5600,-0.0407729335129261,293
5601,-0.21300476789474487,293
5602,-0.013204535469412804,293
5603,0.39188146591186523,293
5604,0.028374534100294113,293
5605,-0.012950213626027107,293
5606,-0.11987805366516113,293
5607,0.0016360320150852203,293
5608,-0.06877351552248001,293
5609,0.1420792192220688,293
5610,0.00012565194629132748,293
5611,0.02647971734404564,293
5612,-0.007073346991091967,293
5613,-0.055252984166145325,293
5614,0.014573615044355392,293
5615,0.2943503260612488,293
5616,-0.00017397929332219064,293
5617,-0.01038343459367752,293
5618,0.018668118864297867,293
5619,0.024735692888498306,293
5620,-0.09513898938894272,293
5621,-0.22458608448505402,293
5622,-0.6238073110580444,293
5623,0.09512778371572495,293
5624,-0.006999064702540636,293
5625,0.003895055502653122,293
5626,-0.19650813937187195,293
5627,-0.04405112564563751,293
5628,0.02819136157631874,293
5629,0.003877440933138132,293
5630,-0.002476295456290245,293
5631,0.0010457122698426247,293
5632,0.14366158843040466,293
5633,0.026755213737487793,293
5634,-0.054152876138687134,293
5635,-0.16880065202713013,293
5636,0.10218852758407593,293
5637,-0.053033970296382904,293
5638,-0.10132943838834763,293
5639,0.06932982057332993,293
5640,-0.016523219645023346,293
5641,0.05464901775121689,293
5642,0.018629416823387146,293
5643,0.03631002455949783,293
5644,0.14829297363758087,293
5645,-0.003298017894849181,293
5646,0.180779367685318,293
5647,0.043196678161621094,293
5648,-0.12930943071842194,293
5649,0.07512523233890533,293
5650,-0.08485949039459229,293
5651,-0.011044951155781746,293
5652,0.05832122638821602,293
5653,-0.06587834656238556,293
5654,-0.047014616429805756,293
5655,-0.15195047855377197,293
5656,0.018908241763710976,293
5657,0.09259093552827835,293
5658,0.17185300588607788,293
5659,-0.02574210613965988,293
5660,-0.004045060835778713,293
5661,0.06933335214853287,293
5662,-0.010289488360285759,293
5663,0.06126448139548302,293
5664,-0.02468775026500225,293
5665,0.04458082467317581,293
5666,0.01780562847852707,293
5667,0.15209387242794037,293
5668,-0.9579280614852905,293
5669,0.026657873764634132,293
5670,-0.01522112637758255,293
5671,0.1270115226507187,293
5672,-0.1414797306060791,293
5673,-0.005681099370121956,293
5674,0.10336524248123169,293
5675,0.058273233473300934,293
5676,0.0017253682017326355,293
5677,-0.08838668465614319,293
5678,-0.07402008771896362,293
5679,0.06262628734111786,293
5680,-0.0102694658562541,293
5681,0.10041388869285583,293
5682,-0.05266062915325165,293
5683,0.15010318160057068,293
5684,-0.02681734226644039,293
5685,-0.06923143565654755,293
5686,0.02805696800351143,293
5687,0.029359309002757072,293
5688,0.0059236823581159115,293
5689,0.3016134202480316,293
5690,0.054806776344776154,293
5691,1.6436206351500005e-06,293
5692,-0.032633036375045776,293
5693,0.039231400936841965,293
5694,-0.01868012174963951,293
5695,-0.02931979112327099,293
5696,-0.11597037315368652,293
5697,-0.03936689719557762,293
5698,0.019944706931710243,293
5699,0.011181876063346863,293
5700,0.08750637620687485,293
5701,0.2285333275794983,293
5702,0.017412886023521423,293
5703,0.5244617462158203,293
5704,0.0025898152962327003,293
5705,0.16205960512161255,293
5706,-0.004301109351217747,293
5707,-0.0011157351545989513,293
5708,-0.02814510092139244,293
5709,0.006649102084338665,293
5710,-0.0001647949975449592,293
5711,0.024623235687613487,293
5712,0.12491591274738312,293
5713,0.0012733733747154474,293
5714,0.22472377121448517,293
5715,-0.021254513412714005,293
5716,-0.11752714961767197,293
5717,-0.04628568887710571,293
5718,-0.0008863250841386616,293
5719,-0.1937582641839981,293
5720,-0.01271364651620388,293
5721,0.02231645956635475,293
5722,-0.0022879161406308413,293
5723,0.00237477058544755,293
5724,0.028993641957640648,293
5725,0.01616056263446808,293
5726,0.016518333926796913,293
5727,0.008672412484884262,293
5728,-0.04429967701435089,293
5729,0.1448078155517578,293
5730,-0.008469434455037117,293
5731,-0.044181205332279205,293
5732,0.16216562688350677,293
5733,-0.3724140226840973,293
5734,0.19206735491752625,293
5735,0.033507756888866425,293
5736,0.014588795602321625,293
5737,0.11231036484241486,293
5738,-0.002320034196600318,293
5739,-0.2041226327419281,293
5740,0.13719570636749268,293
5741,-0.0018047383055090904,293
5742,-0.050566621124744415,293
5743,-0.0018788804300129414,293
5744,-0.027584470808506012,293
5745,-0.02116592973470688,293
5746,-0.01650138385593891,293
5747,0.0030016331002116203,293
5748,0.013627221807837486,293
5749,-0.04985862225294113,293
5750,-0.07062110304832458,293
5751,-0.09752389788627625,293
5752,-0.007846306078135967,293
5753,-0.02742696925997734,293
5754,-0.004118915647268295,293
5755,0.04469452053308487,293
5756,0.09704040735960007,293
5757,-0.01517781987786293,293
5758,0.18240022659301758,293
5759,0.014525862410664558,293
5760,0.04731861501932144,293
5761,-0.005292605143040419,293
5762,0.31732648611068726,293
5763,0.12149348855018616,293
5764,-0.08342040330171585,293
5765,-0.1573583483695984,293
5766,0.0877855122089386,293
5767,0.32046183943748474,293
5768,0.162013441324234,293
5769,0.0078061227686703205,293
5770,0.09370199590921402,293
5771,-0.06489820778369904,293
5772,-0.054020341485738754,293
5773,0.0056068748235702515,293
5774,-0.2542956471443176,293
5775,-0.006163174286484718,293
5776,-0.014222124591469765,293
5777,-0.05946049839258194,293
5778,0.04086200147867203,293
5779,-0.039736635982990265,293
5780,-0.019297221675515175,293
5781,-0.01779513619840145,293
5782,-0.09224027395248413,293
5783,-0.09357033669948578,293
5784,-0.022048434242606163,293
5785,0.01611695997416973,293
5786,0.05526626482605934,293
5787,0.05336567386984825,293
5788,0.0010278832633048296,293
5789,0.015967924147844315,293
5790,-0.1786341518163681,293
5791,-0.011283179745078087,293
5792,0.11527028679847717,293
5793,-0.016687696799635887,293
5794,0.04418793320655823,293
5795,0.0033102333545684814,293
5796,-0.29876527190208435,293
5797,-0.00035845860838890076,293
5798,-0.047537438571453094,293
5799,-0.3046555519104004,293
5800,-0.05195145308971405,293
5801,-0.011483702808618546,293
5802,-0.30152496695518494,293
5803,0.08230690658092499,293
5804,-0.08165154606103897,293
5805,-0.016462992876768112,293
5806,0.2899554371833801,293
5807,-0.04117365553975105,293
5808,0.238368421792984,293
5809,0.007826877757906914,293
5810,-0.007048073690384626,293
5811,0.07245034724473953,293
5812,-0.004236571025103331,293
5813,-0.03872736915946007,293
5814,-0.114817313849926,293
5815,-0.10487315058708191,293
5816,-0.052493102848529816,293
5817,0.560165286064148,293
5818,0.0006317130755633116,293
5819,0.05084753781557083,293
5820,-0.02076660469174385,293
5821,-0.0014272709377110004,293
5822,0.00785859301686287,293
5823,-0.040258802473545074,293
5824,-0.5453997850418091,293
5825,0.09366457909345627,293
5826,0.057375408709049225,293
5827,-0.1189638152718544,293
5828,-0.04425646364688873,293
5829,0.004979635588824749,293
5830,0.0059028854593634605,293
5831,0.029548168182373047,293
5832,-0.026635069400072098,293
5833,0.0877029076218605,293
5834,0.1656622439622879,293
5835,-0.1006767600774765,293
5836,0.015259766951203346,293
5837,0.007651557680219412,293
5838,-0.016488028690218925,293
5839,-0.0006049924995750189,293
5840,-0.13855278491973877,293
5841,-0.01839163526892662,293
5842,-0.000681387260556221,293
5843,-0.006497708614915609,293
5844,0.10799479484558105,293
5845,0.0018299487419426441,293
5846,-0.09479887783527374,293
5847,-0.009535113349556923,293
5848,-0.26174524426460266,293
5849,-0.053531214594841,293
5850,-0.0075030867010355,293
5851,0.1567000448703766,293
5852,0.059677086770534515,293
5853,-0.05993270128965378,293
5854,0.015877310186624527,293
5855,-0.05879048630595207,293
5856,-0.05299423262476921,293
5857,-0.002307769376784563,293
5858,-0.03587076812982559,293
5859,-0.14967402815818787,293
5860,0.07156476378440857,293
5861,0.038705941289663315,293
5862,-0.0025370533112436533,293
5863,-0.3968874514102936,293
5864,-0.09481300413608551,293
5865,-0.1667783260345459,293
5866,0.0024772321339696646,293
5867,-0.03228816017508507,293
5868,0.03586219623684883,293
5869,0.00888952799141407,293
5870,-0.24537765979766846,293
5871,-0.004777803085744381,293
5872,-0.05308316648006439,293
5873,-0.07252109795808792,293
5874,-0.01593700423836708,293
5875,-0.025109155103564262,293
5876,-0.0933908224105835,293
5877,-0.17919452488422394,293
5878,-0.05578877776861191,293
5879,0.0982172042131424,293
5880,0.05317241698503494,293
5881,0.01012574415653944,293
5882,0.09283001720905304,293
5883,-0.10086318850517273,293
5884,-0.0693594291806221,293
5885,-0.0029842983931303024,293
5886,0.0580035038292408,293
5887,-0.12659043073654175,293
5888,0.036961786448955536,293
5889,0.13098563253879547,293
5890,0.025131070986390114,293
5891,0.21635586023330688,293
5892,0.0068350983783602715,293
5893,-0.015077111311256886,293
5894,-0.09150233119726181,293
5895,-0.10395990312099457,293
5896,0.02362840250134468,293
5897,-0.010728101246058941,293
5898,0.07328833639621735,293
5899,0.003470467869192362,293
5900,-0.00606918428093195,293
5901,-0.05889012664556503,293
5902,-0.0795559287071228,293
5903,-0.01910378411412239,293
5904,-0.07187196612358093,293
5905,0.062012843787670135,293
5906,0.01798611506819725,293
5907,-0.018587695434689522,293
5908,-0.021924808621406555,293
5909,-0.019924957305192947,293
5910,0.13807711005210876,293
5911,-0.0532895065844059,293
5912,0.04615159332752228,293
5913,-0.03446720540523529,293
5914,-0.14079587161540985,293
5915,0.0025791344232857227,293
5916,-0.0023912517353892326,293
5917,0.027822300791740417,293
5918,-0.040788136422634125,293
5919,0.10237327218055725,293
5920,0.010090429335832596,293
5921,0.015834400430321693,293
5922,0.30612948536872864,293
5923,-0.018247324973344803,293
5924,0.11304828524589539,293
5925,0.23102040588855743,293
5926,-0.0015037453267723322,293
5927,0.06344947963953018,293
5928,-0.0735047236084938,293
5929,-0.017642132937908173,293
5930,0.00489787757396698,293
5931,0.21248836815357208,293
5932,0.0008449401939287782,293
5933,0.016648240387439728,293
5934,0.01013551652431488,293
5935,-0.004672910086810589,293
5936,-0.008967841044068336,293
5937,0.06628682464361191,293
5938,-0.1841081827878952,293
5939,0.0010179600212723017,293
5940,-0.0502375103533268,293
5941,-0.08934251219034195,293
5942,0.0119596216827631,293
5943,-0.012847093865275383,293
5944,0.05195978656411171,293
5945,-0.001935075270012021,293
5946,0.03363349661231041,293
5947,0.03077838011085987,293
5948,-0.015719305723905563,293
5949,-0.014231868088245392,293
5950,0.28466323018074036,293
5951,-0.025695104151964188,293
5952,-0.015040786005556583,293
5953,0.011120505630970001,293
5954,-0.015522627159953117,293
5955,-0.06774071604013443,293
5956,-0.01751212775707245,293
5957,-0.0071267616003751755,293
5958,-0.08204732835292816,293
5959,-0.00784224085509777,293
5960,0.002509434474632144,293
5961,-0.004820723086595535,293
5962,-0.005667548626661301,293
5963,-0.020110124722123146,293
5964,-0.15338817238807678,293
5965,-0.0011461118701845407,293
5966,-0.03747881203889847,293
5967,0.27941352128982544,293
5968,-0.0023779263719916344,293
5969,0.0033561717718839645,293
5970,0.0781676396727562,293
5971,-0.01847672089934349,293
5972,-0.011165769770741463,293
5973,0.013571647927165031,293
5974,0.04079896956682205,293
5975,0.025011606514453888,293
5976,-0.02961442805826664,293
5977,-0.060690801590681076,293
5978,0.012022257782518864,293
5979,0.008414100855588913,293
5980,-0.0013745874166488647,293
5981,-0.008053506724536419,293
5982,0.09580360352993011,293
5983,0.48248136043548584,293
5984,-0.08667655289173126,293
5985,-0.0015880961436778307,293
5986,-0.021363824605941772,293
5987,-0.02712191641330719,293
5988,-0.006895588710904121,293
5989,-0.0020482302643358707,293
5990,0.012524748221039772,293
5991,-0.08504891395568848,293
5992,0.09991423040628433,293
5993,-0.06393957883119583,293
5994,-0.2523205280303955,293
5995,-0.0008245529606938362,293
5996,0.019781524315476418,293
5997,-0.032111987471580505,293
5998,-0.2917552888393402,293
5999,-0.020746301859617233,293
6000,0.03129879757761955,293
6001,0.005571662448346615,293
6002,0.0543222576379776,293
6003,0.2389790415763855,293
6004,0.10980795323848724,293
6005,0.07962028682231903,293
6006,-0.02142033353447914,293
6007,-0.006906456314027309,293
6008,0.02648845687508583,293
6009,-0.014809753745794296,293
6010,-0.002447269856929779,293
6011,-0.0036675226874649525,293
6012,0.2902541160583496,293
6013,-0.2108166664838791,293
6014,-0.004906400106847286,293
6015,0.017970383167266846,293
6016,-0.07403552532196045,293
6017,0.041022200137376785,293
6018,-0.004777868743985891,293
6019,0.12725567817687988,293
6020,-0.002821483416482806,293
6021,-0.029805468395352364,293
6022,-0.011111308820545673,293
6023,0.12279811501502991,293
6024,0.15058696269989014,293
6025,-0.04667709767818451,293
6026,-0.08088942617177963,293
6027,0.02413717843592167,293
6028,0.08628812432289124,293
6029,-0.016464505344629288,293
6030,-0.3802441358566284,293
6031,-0.01830960623919964,293
6032,0.00034097908064723015,293
6033,0.02110009267926216,293
6034,-0.11678493022918701,293
6035,-0.0019002091139554977,293
6036,0.05230915546417236,293
6037,0.05701617896556854,293
6038,0.17476221919059753,293
6039,0.08895315229892731,293
6040,0.20585143566131592,293
6041,0.10711611807346344,293
6042,0.01701333001255989,293
6043,-0.16298022866249084,293
6044,-0.00048089877236634493,293
6045,-0.19390937685966492,293
6046,-0.0017320280894637108,293
6047,0.07479701936244965,293
6048,0.004824151750653982,293
6049,-0.07475484907627106,293
6050,-0.01854025013744831,293
6051,0.03223478049039841,293
6052,0.06645578891038895,293
6053,0.03297607973217964,293
6054,-0.00688128499314189,293
6055,-0.042940422892570496,293
6056,-0.0037447528447955847,293
6057,0.041920289397239685,293
6058,0.016351014375686646,293
6059,0.050355345010757446,293
6060,0.11571916192770004,293
6061,-0.05472351238131523,293
6062,-0.01354922167956829,293
6063,0.0226591844111681,293
6064,0.08210518956184387,293
6065,0.08937136828899384,293
6066,-0.014704481698572636,293
6067,-0.011365370824933052,293
6068,-0.09883109480142593,293
6069,-0.008890131488442421,293
6070,0.07066704332828522,293
6071,-0.0027611739933490753,293
6072,-0.14513276517391205,293
6073,0.057217229157686234,293
6074,0.10193793475627899,293
6075,-0.10100369900465012,293
6076,0.029709530994296074,293
6077,-0.0397743359208107,293
6078,-0.08557520061731339,293
6079,0.5364042520523071,293
6080,0.15003059804439545,293
6081,-0.009990783408284187,293
6082,-0.0020775841549038887,293
6083,0.29961705207824707,293
6084,-0.004454854875802994,293
6085,0.02756951004266739,293
6086,-0.016125096008181572,293
6087,0.0018949637887999415,293
6088,0.012458810582756996,293
6089,-0.011229779571294785,293
6090,0.06114496290683746,293
6091,0.08549708127975464,293
6092,0.12284529209136963,293
6093,0.041096657514572144,293
6094,-0.05987775698304176,293
6095,-0.0009119072929024696,293
6096,-0.1359173059463501,293
6097,-0.0006468573701567948,293
6098,-0.06777961552143097,293
6099,0.03878961130976677,293
6100,-0.002038770355284214,293
6101,-0.00122480234131217,293
6102,-0.008926342241466045,293
6103,0.01803956925868988,293
6104,0.0742967277765274,293
6105,0.07483459264039993,293
6106,0.21121755242347717,293
6107,-0.030380859971046448,293
6108,-0.08014354109764099,293
6109,-0.0017756533343344927,293
6110,0.000974136870354414,293
6111,-0.09234317392110825,293
6112,-0.314619243144989,293
6113,-0.0030892561189830303,293
6114,0.01566072553396225,293
6115,-0.014021065086126328,293
6116,-0.0461932010948658,293
6117,-0.008185457438230515,293
6118,-0.07918589562177658,293
6119,0.028844229876995087,293
6120,-0.006502685137093067,293
6121,0.04914722591638565,293
6122,-0.013497225940227509,293
6123,-1.0264688171446323e-05,293
6124,-0.02906220406293869,293
6125,-0.017696037888526917,293
6126,0.006543167866766453,293
6127,0.013084311038255692,293
6128,-0.1422329545021057,293
6129,-0.09526298940181732,293
6130,-0.13287970423698425,293
6131,0.10654190927743912,293
6132,-0.0025674975477159023,293
6133,-0.025256529450416565,293
6134,0.24035045504570007,293
6135,0.05338161438703537,293
6136,-0.011719124391674995,293
6137,-0.010711228474974632,293
6138,-0.015583397820591927,293
6139,-0.0035731911193579435,293
6140,0.0075022391974925995,293
6141,0.0008362210355699062,293
6142,-0.06804774701595306,293
6143,0.0023717163130640984,293
6144,-0.25142255425453186,293
6145,-0.2380618005990982,293
6146,-0.06259053945541382,293
6147,-0.01966080069541931,293
6148,0.07329940795898438,293
6149,0.0676702931523323,293
6150,0.0014592190273106098,293
6151,-0.0797082707285881,293
6152,0.011268282309174538,293
6153,-0.04849919676780701,293
6154,0.006761465221643448,293
6155,-0.027408812195062637,293
6156,0.00859792809933424,293
6157,0.05553783103823662,293
6158,-0.024790022522211075,293
6159,-0.014644784852862358,293
6160,0.08857452869415283,293
6161,0.3586186170578003,293
6162,0.03733506426215172,293
6163,-0.002693678019568324,293
6164,-0.0037673269398510456,293
6165,0.025011327117681503,293
6166,-0.01883510872721672,293
6167,-0.010139284655451775,293
6168,-0.270856648683548,293
6169,0.03658641129732132,293
6170,-0.03518904745578766,293
6171,0.10605764389038086,293
6172,-0.001051600556820631,293
6173,0.054769739508628845,293
6174,-0.007772568613290787,293
6175,-0.0179925374686718,293
6176,-0.016295982524752617,293
6177,-0.001764853484928608,293
6178,0.009454712271690369,293
6179,-0.030371688306331635,293
6180,-0.9445905089378357,293
6181,-0.03222925215959549,293
6182,-0.04558846727013588,293
6183,-0.005777969025075436,293
6184,0.0518057756125927,293
6185,-0.0014226734638214111,293
6186,0.18508917093276978,293
6187,-0.13974614441394806,293
6188,0.13296982645988464,293
6189,-0.07740559428930283,293
6190,-0.13837876915931702,293
6191,0.1285156011581421,293
6192,-0.14307928085327148,293
6193,-0.2359340637922287,293
6194,0.0066089266911149025,293
6195,-0.015357259660959244,293
6196,-0.004056052304804325,293
6197,-0.0803321897983551,293
6198,0.0861392617225647,293
6199,-0.0625694990158081,293
6200,-0.05383399873971939,293
6201,0.032653696835041046,293
6202,-0.05522681400179863,293
6203,0.04795939475297928,293
6204,0.02977272868156433,293
6205,0.380864679813385,293
6206,-0.021098721772432327,293
6207,0.13040879368782043,293
6208,-0.07024945318698883,293
6209,-0.02694082260131836,293
6210,-0.02938181906938553,293
6211,0.0219612754881382,293
6212,-0.04358451068401337,293
6213,0.08795322477817535,293
6214,0.015596725977957249,293
6215,-0.021440234035253525,293
6216,0.05195270851254463,293
6217,0.07902754843235016,293
6218,-0.00984539370983839,293
6219,0.07357979565858841,293
6220,-0.03708769008517265,293
6221,0.05826261267066002,293
6222,0.0001926650875248015,293
6223,-0.0023816695902496576,293
6224,0.049844443798065186,293
6225,0.035596057772636414,293
6226,-0.10332771390676498,293
6227,0.03088093176484108,293
6228,0.061482809484004974,293
6229,-0.00021394295617938042,293
6230,-0.0028421569149941206,293
6231,-0.014617061242461205,293
6232,-0.18671196699142456,293
6233,-0.06166159361600876,293
6234,0.02175569161772728,293
6235,-0.03519347682595253,293
6236,-0.03317846357822418,293
6237,0.0019166935235261917,293
6238,0.037283483892679214,293
6239,0.01027944777160883,293
6240,0.0049534328281879425,293
6241,0.21889138221740723,293
6242,-0.015331026166677475,293
6243,-0.04626401513814926,293
6244,0.023560553789138794,293
6245,0.14461539685726166,293
6246,0.00844460166990757,293
6247,-0.08704865723848343,293
6248,-0.05368250980973244,293
6249,-0.012809528969228268,293
6250,0.029089927673339844,293
6251,-0.0037063886411488056,293
6252,-0.2896343767642975,293
6253,0.01886385679244995,293
6254,-0.0011957960668951273,293
6255,-0.04337647929787636,293
6256,0.001347377896308899,293
6257,-0.0034076999872922897,293
6258,0.28327450156211853,293
6259,-0.05166906863451004,293
6260,-0.1862037032842636,293
6261,0.0008798837661743164,293
6262,-0.3996310830116272,293
6263,0.5019846558570862,293
6264,0.0389399453997612,293
6265,0.01798686757683754,293
6266,0.048336636275053024,293
6267,-0.00638944935053587,293
6268,-0.8359029293060303,293
6269,0.023458410054445267,293
6270,-0.08933281898498535,293
6271,-0.002658240497112274,293
6272,0.09410671889781952,293
6273,0.3238915801048279,293
6274,0.009182344190776348,293
6275,-0.017885638400912285,293
6276,-0.0014838669449090958,293
6277,-0.03408690169453621,293
6278,0.1436021476984024,293
6279,-0.05141174793243408,293
6280,-0.1864204704761505,293
6281,0.010743915103375912,293
6282,-0.2074277400970459,293
6283,0.0037646216806024313,293
6284,-0.0432489849627018,293
6285,0.019069209694862366,293
6286,0.001799076097086072,293
6287,0.12327083945274353,293
6288,-0.02479405887424946,293
6289,0.14114734530448914,293
6290,-0.05011310055851936,293
6291,0.3014390468597412,293
6292,0.005838796962052584,293
6293,-0.473017156124115,293
6294,0.03480124846100807,293
6295,-0.20545518398284912,293
6296,0.030366288498044014,293
6297,0.022540220990777016,293
6298,0.02958838827908039,293
6299,-0.012504909187555313,293
6300,-0.024127108976244926,293
6301,0.0004561407840810716,293
6302,-0.003548645880073309,293
6303,0.25194883346557617,293
6304,0.028463516384363174,293
6305,0.059835661202669144,293
6306,-0.0014223539037629962,293
6307,-0.05241447687149048,293
6308,-0.037456803023815155,293
6309,-0.012512452900409698,293
6310,0.2042517513036728,293
6311,-0.138228639960289,293
6312,0.007000350393354893,293
6313,-0.05137348175048828,293
6314,-0.0005031159962527454,293
6315,-0.001034976914525032,293
6316,-0.03308229148387909,293
6317,0.1017056331038475,293
6318,-0.007794633973389864,293
6319,-0.015910223126411438,293
6320,-0.021727629005908966,293
6321,-0.020052310079336166,293
6322,0.11935411393642426,293
6323,0.03669818490743637,293
6324,-0.021219637244939804,293
6325,0.048192597925662994,293
6326,-0.0126586202532053,293
6327,-0.00486944243311882,293
6328,0.306180477142334,293
6329,-0.06877900660037994,293
6330,0.042665742337703705,293
6331,0.11335639655590057,293
6332,-0.13196945190429688,293
6333,-0.0049933502450585365,293
6334,-0.08636198937892914,293
6335,-0.05912156030535698,293
6336,-0.00912085734307766,293
6337,-0.13207508623600006,293
6338,0.00758871715515852,293
6339,-0.0045199887827038765,293
6340,-0.11554082483053207,293
6341,-0.01798650249838829,293
6342,-0.04521509259939194,293
6343,0.030981658026576042,293
6344,-0.09359435737133026,293
6345,-0.012778885662555695,293
6346,-0.028730830177664757,293
6347,0.007452506106346846,293
6348,-0.10695484280586243,293
6349,0.03146204352378845,293
6350,-0.0030656747985631227,293
6351,-0.018476467579603195,293
6352,-0.031007176265120506,293
6353,-0.052853845059871674,293
6354,0.02243328094482422,293
6355,-0.004840011242777109,293
6356,-0.015264131128787994,293
6357,-0.011291547678411007,293
6358,0.3699379563331604,293
6359,-0.24152375757694244,293
6360,-0.0012870356440544128,293
6361,0.12439088523387909,293
6362,-0.20804162323474884,293
6363,0.08152666687965393,293
6364,-0.01727483980357647,293
6365,-0.20334018766880035,293
6366,0.02403750643134117,293
6367,-0.0033925208263099194,293
6368,-0.4540673494338989,293
6369,0.011839667335152626,293
6370,0.04711104556918144,293
6371,-0.013677782379090786,293
6372,0.3744249939918518,293
6373,0.026438873261213303,293
6374,0.048288699239492416,293
6375,0.12199419736862183,293
6376,-0.008655892685055733,293
6377,-0.0359589047729969,293
6378,-0.053051114082336426,293
6379,0.10622788965702057,293
6380,0.14137473702430725,293
6381,-0.001974731218069792,293
6382,-0.09005247801542282,293
6383,0.05133183300495148,293
6384,0.05385627970099449,293
6385,-0.0010154034243896604,293
6386,-0.02452031895518303,293
6387,0.08320090174674988,293
6388,-0.13849876821041107,293
6389,-0.049072712659835815,293
6390,-0.584280788898468,293
6391,0.09853150695562363,293
6392,0.062037356197834015,293
6393,-0.023418668657541275,293
6394,0.010000822134315968,293
6395,-0.03442012146115303,293
6396,-0.0039212340489029884,293
6397,-0.0014205307234078646,293
6398,-0.017417781054973602,293
6399,-0.01222403533756733,293
6400,-0.20184937119483948,293
6401,-0.02933160960674286,293
6402,-0.013684580102562904,293
6403,0.0013759243302047253,293
6404,-0.15121442079544067,293
6405,-0.3050658404827118,293
6406,0.1374359130859375,293
6407,-0.0007799820741638541,293
6408,0.08116491883993149,293
6409,-0.008832819759845734,293
6410,0.06072847917675972,293
6411,0.003538147546350956,293
6412,-0.020040826871991158,293
6413,-0.003732167650014162,293
6414,-0.004991959780454636,293
6415,0.04256868734955788,293
6416,0.0126756951212883,293
6417,-0.012547992169857025,293
6418,-0.003329172730445862,293
6419,-0.006396763492375612,293
6420,-0.20090988278388977,293
6421,-0.003100460395216942,293
6422,0.2843756079673767,293
6423,0.02004173956811428,293
6424,-0.0201723575592041,293
6425,-0.052798740565776825,293
6426,-0.02936985157430172,293
6427,-0.018295768648386,293
6428,-0.02581627480685711,293
6429,-0.0003504722553770989,293
6430,-0.024776853621006012,293
6431,-0.010187439620494843,293
6432,0.03842424601316452,293
6433,-0.00033199277822859585,293
6434,-0.02354736253619194,293
6435,0.008161477744579315,293
6436,-0.0034410138614475727,293
6437,-0.1974753886461258,293
6438,-0.06544959545135498,293
6439,0.3915102183818817,293
6440,0.01682916469871998,293
6441,-0.14504224061965942,293
6442,-0.003347099758684635,293
6443,0.19843505322933197,293
6444,-0.014274542219936848,293
6445,0.003221905091777444,293
6446,-0.09291411191225052,293
6447,-0.046917762607336044,293
6448,-0.04937092959880829,293
6449,0.012371018528938293,293
6450,-0.010577627457678318,293
6451,-0.07911389321088791,293
6452,0.04693308845162392,293
6453,-0.004583580419421196,293
6454,-0.023151036351919174,293
6455,0.06393560022115707,293
6456,0.029830506071448326,293
6457,0.013035868294537067,293
6458,-0.01868271827697754,293
6459,-0.11130095273256302,293
6460,-0.04517216235399246,293
6461,-0.00462886830791831,293
6462,-0.005811401642858982,293
6463,-0.024911539629101753,293
6464,0.05586247891187668,293
6465,0.09366479516029358,293
6466,0.022815529257059097,293
6467,0.002083264756947756,293
6468,-0.001681256340816617,293
6469,-0.05920802056789398,293
6470,-0.013428764417767525,293
6471,0.07280170917510986,293
6472,-0.4311891794204712,293
6473,-0.007668757811188698,293
6474,0.001522884238511324,293
6475,0.08826906979084015,293
6476,-0.009950149804353714,293
6477,0.014011994935572147,293
6478,0.6614232659339905,293
6479,0.026099875569343567,293
6480,-0.08687245845794678,293
6481,-0.15188011527061462,293
6482,-0.06757203489542007,293
6483,-0.04201950132846832,293
6484,0.011590121313929558,293
6485,0.00842362828552723,293
6486,0.020344533026218414,293
6487,-0.01199735514819622,293
6488,0.03619229048490524,293
6489,0.12096945941448212,293
6490,0.42012903094291687,293
6491,-0.00650865538045764,293
6492,-0.02213391289114952,293
6493,-0.048629652708768845,293
6494,0.010587837547063828,293
6495,0.04759064316749573,293
6496,-0.21442602574825287,293
6497,-0.014668847434222698,293
6498,-0.03708555921912193,293
6499,0.07447215914726257,293
6500,0.23550964891910553,293
6501,-0.1030397042632103,293
6502,-0.06488904356956482,293
6503,-0.037748076021671295,293
6504,0.05891115963459015,293
6505,-0.004544662311673164,293
6506,0.38770246505737305,293
6507,0.035469166934490204,293
6508,0.014916934072971344,293
6509,0.09625357389450073,293
6510,-0.03936702758073807,293
6511,0.019295968115329742,293
6512,0.012606892734766006,293
6513,0.041865505278110504,293
6514,0.015126853249967098,293
6515,-0.08723776787519455,293
6516,-0.14408814907073975,293
6517,-0.0021545470226556063,293
6518,0.021722078323364258,293
6519,0.2010713517665863,293
6520,-0.016477586701512337,293
6521,-0.021011997014284134,293
6522,0.21452969312667847,293
6523,0.09957124292850494,293
6524,-0.03783561289310455,293
6525,0.10078778862953186,293
6526,0.004872866906225681,293
6527,-0.014512097463011742,293
6528,-0.0047559477388858795,293
6529,0.03600997477769852,293
6530,1.045461654663086,293
6531,-0.0015633758157491684,293
6532,-0.20099525153636932,293
6533,-0.0013222398702055216,293
6534,-0.0009180240449495614,293
6535,0.022170810028910637,293
6536,-0.0006164142396301031,293
6537,-0.01816505566239357,293
6538,-0.0025968425907194614,293
6539,-0.0048110270872712135,293
6540,0.4009031057357788,293
6541,0.05381964147090912,293
6542,-0.0631990134716034,293
6543,0.04741447791457176,293
6544,0.007842538878321648,293
6545,-0.007780404761433601,293
6546,-0.07655487954616547,293
6547,0.13885265588760376,293
6548,0.031739916652441025,293
6549,-0.11626191437244415,293
6550,-0.025167936459183693,293
6551,-0.011460724286735058,293
6552,0.023733962327241898,293
6553,0.04473881050944328,293
6554,0.0009846268221735954,293
6555,0.0009034879039973021,293
6556,-0.004129496868699789,293
6557,-0.0012279669754207134,293
6558,0.03376823663711548,293
6559,0.027956683188676834,293
6560,-0.17877081036567688,293
6561,0.0027767913416028023,293
6562,0.030080264434218407,293
6563,0.16786986589431763,293
6564,0.05021660774946213,293
6565,-0.006777896545827389,293
6566,0.0015535727143287659,293
6567,-0.015266921371221542,293
6568,-0.1254892498254776,293
6569,-0.10495928674936295,293
6570,-0.03881867229938507,293
6571,-0.09211697429418564,293
6572,-2.8805341571569443e-05,293
6573,0.25489726662635803,293
6574,0.01081395335495472,293
6575,-0.17458590865135193,293
6576,-0.006918545812368393,293
6577,-0.007535923272371292,293
6578,-0.16456076502799988,293
6579,-0.25485047698020935,293
6580,-0.017832782119512558,293
6581,-0.05791929364204407,293
6582,0.034321852028369904,293
6583,0.09415306150913239,293
6584,-0.0017549674957990646,293
6585,0.03678986430168152,293
6586,-0.03995681554079056,293
6587,-0.031165223568677902,293
6588,0.17401617765426636,293
6589,-0.035260751843452454,293
6590,0.0104359220713377,293
6591,-0.007631607353687286,293
6592,0.004965206608176231,293
6593,-0.003167340997606516,293
6594,0.0438997820019722,293
6595,-0.0034344643354415894,293
6596,-0.05381006374955177,293
6597,-0.006286774296313524,293
6598,0.14048147201538086,293
6599,-0.0023601693101227283,293
6600,0.028036214411258698,293
6601,-0.04280592128634453,293
6602,0.0016536451876163483,293
6603,-0.0007186500588431954,293
6604,0.013946196995675564,293
6605,-0.021691471338272095,293
6606,-9.759722161106765e-05,293
6607,-0.01777069643139839,293
6608,0.307497501373291,293
6609,-0.04128287732601166,293
6610,0.2387080192565918,293
6611,0.0014127891045063734,293
6612,0.1197618767619133,293
6613,-0.022501762956380844,293
6614,0.22218284010887146,293
6615,-0.00829104520380497,293
6616,-0.0272674560546875,293
6617,-0.006591923534870148,293
6618,-0.05302306264638901,293
6619,-0.09090457856655121,293
6620,-0.1739836037158966,293
6621,-0.007077286951243877,293
6622,-0.008131632581353188,293
6623,-0.05123436823487282,293
6624,-0.22628723084926605,293
6625,-0.007401831913739443,293
6626,0.12135852873325348,293
6627,-0.002148919738829136,293
6628,0.08628486096858978,293
6629,-0.05098985880613327,293
6630,-0.024297863245010376,293
6631,0.007982449606060982,293
6632,-0.0037677306681871414,293
6633,-0.0035723766777664423,293
6634,0.021068982779979706,293
6635,0.06428787857294083,293
6636,0.012857677415013313,293
6637,-0.03920939564704895,293
6638,0.003859727643430233,293
6639,0.23364584147930145,293
6640,-0.014443844556808472,293
6641,-0.07206454873085022,293
6642,0.06273745745420456,293
6643,-0.17696613073349,293
6644,-0.07258380949497223,293
6645,-0.017645560204982758,293
6646,0.005735273472964764,293
6647,0.03366484493017197,293
6648,0.02368452027440071,293
6649,-0.07211506366729736,293
6650,0.16113121807575226,293
6651,0.3413291871547699,293
6652,-0.053388576954603195,293
6653,-0.00708268815651536,293
6654,-0.054117560386657715,293
6655,0.011869357898831367,293
6656,-0.040385451167821884,293
6657,0.04462486878037453,293
6658,0.04259069263935089,293
6659,-0.0321463868021965,293
6660,0.16083188354969025,293
6661,0.022099461406469345,293
6662,0.02290445752441883,293
6663,-0.040121518075466156,293
6664,0.04836738109588623,293
6665,-0.06877072900533676,293
6666,0.004665940999984741,293
6667,-0.4266577363014221,293
6668,0.3304586410522461,293
6669,-0.07887611538171768,293
6670,-0.06260283291339874,293
6671,0.14911429584026337,293
6672,-0.0001000441043288447,293
6673,-0.025696687400341034,293
6674,0.06976331770420074,293
6675,-0.0212930329144001,293
6676,0.11144139617681503,293
6677,-0.14307895302772522,293
6678,0.012116351164877415,293
6679,0.06070832163095474,293
6680,-0.058768559247255325,293
6681,0.05493096262216568,293
6682,-0.035299450159072876,293
6683,-0.023646365851163864,293
6684,0.03763793036341667,293
6685,0.12574197351932526,293
6686,0.08407968282699585,293
6687,-0.009459473192691803,293
6688,0.008310970850288868,293
6689,-0.049619197845458984,293
6690,-0.016006246209144592,293
6691,0.11145249009132385,293
6692,-0.008349436335265636,293
6693,-0.0009403550066053867,293
6694,-0.09412021189928055,293
6695,-0.03396798297762871,293
6696,0.12805861234664917,293
6697,-0.03249499946832657,293
6698,0.009236922487616539,293
6699,0.20263732969760895,293
6700,0.10745695978403091,293
6701,0.013308927416801453,293
6702,-0.0056911613792181015,293
6703,0.0230741985142231,293
6704,0.15368273854255676,293
6705,0.12816666066646576,293
6706,-0.024890052154660225,293
6707,-0.1439458727836609,293
6708,0.04768632724881172,293
6709,-0.030518177896738052,293
6710,-0.03717954456806183,293
6711,-0.3248472213745117,293
6712,0.08189845085144043,293
6713,-0.0013690671185031533,293
6714,-0.0016676571685820818,293
6715,-0.00224709277972579,293
6716,0.006925308611243963,293
6717,0.15970948338508606,293
6718,-0.0008188826031982899,293
6719,0.10429011285305023,293
6720,-0.030470598489046097,293
6721,-0.2406269609928131,293
6722,-0.00252553797326982,293
6723,-0.03989732265472412,293
6724,-0.19524835050106049,293
6725,-0.019917942583560944,293
6726,-0.01251514907926321,293
6727,0.01761142909526825,293
6728,-0.033440668135881424,293
6729,-0.21731117367744446,293
6730,0.06203924119472504,293
6731,-0.15356674790382385,293
6732,0.002655602991580963,293
6733,-0.06910811364650726,293
6734,0.05158795416355133,293
6735,-0.01619424857199192,293
6736,0.039726052433252335,293
6737,-0.024960791692137718,293
6738,-0.1691080927848816,293
6739,-0.001766705303452909,293
6740,0.1523529440164566,293
6741,-0.06777113676071167,293
6742,-0.012552621774375439,293
6743,-0.49217551946640015,293
6744,-0.04329606518149376,293
6745,-0.027403999119997025,293
6746,-0.0013129354920238256,293
6747,-0.014480378478765488,293
6748,-0.007471838500350714,293
6749,-0.09441132843494415,293
6750,-0.05461329221725464,293
6751,-0.014019851572811604,293
6752,-0.00027774740010499954,293
6753,-0.25047558546066284,293
6754,-0.03973711282014847,293
6755,0.14377138018608093,293
6756,0.04491519182920456,293
6757,-0.0025428524240851402,293
6758,0.03858710452914238,293
6759,-0.014183197170495987,293
6760,-0.024924706667661667,293
6761,-0.038185469806194305,293
6762,0.02379637584090233,293
6763,-0.16411182284355164,293
6764,0.02866373397409916,293
6765,0.06482239812612534,293
6766,0.1555202156305313,293
6767,-0.03430188447237015,293
6768,-0.000512249069288373,293
6769,-0.02360563725233078,293
6770,-0.0010559234069660306,293
6771,0.027895312756299973,293
6772,-0.2291760891675949,293
6773,-0.0007788712391629815,293
6774,-0.054348304867744446,293
6775,0.07098124176263809,293
6776,-0.05320693179965019,293
6777,0.03519130498170853,293
6778,0.21927118301391602,293
6779,-0.0019794253166764975,293
6780,-0.08133029192686081,293
6781,0.0003628894919529557,293
6782,0.008815246634185314,293
6783,-0.16577424108982086,293
6784,0.0313757099211216,293
6785,0.01056584995239973,293
6786,0.03752315416932106,293
6787,-0.16170498728752136,293
6788,0.040276505053043365,293
6789,-0.0014221833553165197,293
6790,-0.07818522304296494,293
6791,0.005930227693170309,293
6792,-0.20173849165439606,293
6793,0.5520628094673157,293
6794,-0.006173764355480671,293
6795,-0.02182687819004059,293
6796,0.006867857649922371,293
6797,-0.0009545013308525085,293
6798,-0.046237654983997345,293
6799,-0.031774040311574936,293
6800,0.01983918435871601,293
6801,-0.032766856253147125,293
6802,0.2891208827495575,293
6803,-0.056359171867370605,293
6804,-0.19715498387813568,293
6805,0.07958042621612549,293
6806,-0.06265208125114441,293
6807,-0.018936004489660263,293
6808,-0.09825748205184937,293
6809,-0.4813119173049927,293
6810,-0.00977402739226818,293
6811,0.1743638813495636,293
6812,0.0052461326122283936,293
6813,-0.05598953366279602,293
6814,0.012177182361483574,293
6815,0.02555006556212902,293
6816,-0.02533545345067978,293
6817,-0.008586241863667965,293
6818,0.037254732102155685,293
6819,-0.008577612228691578,293
6820,-0.006036884151399136,293
6821,0.028735071420669556,293
6822,0.05315862596035004,293
6823,-0.3530883193016052,293
6824,-0.0016957548214122653,293
6825,-0.014763418585062027,293
6826,-0.05589218810200691,293
6827,-0.0027679181657731533,293
6828,3.693586040753871e-05,293
6829,0.1161191463470459,293
6830,-0.07934263348579407,293
6831,0.08777017891407013,293
6832,0.14590933918952942,293
6833,-0.04481370002031326,293
6834,0.09025011211633682,293
6835,0.11586669087409973,293
6836,-0.03399084135890007,293
6837,-0.00898369587957859,293
6838,-0.1692696511745453,293
6839,0.23126079142093658,293
6840,-0.02004092186689377,293
6841,0.11718334257602692,293
6842,0.006966533605009317,293
6843,0.22394227981567383,293
6844,0.1066063940525055,293
6845,0.11303319036960602,293
6846,0.03423263132572174,293
6847,0.15702062845230103,293
6848,0.12822246551513672,293
6849,0.06118173897266388,293
6850,0.036578841507434845,293
6851,-0.023636337369680405,293
6852,0.07369299232959747,293
6853,0.016767170280218124,293
6854,0.02648540958762169,293
6855,0.05723651498556137,293
6856,0.0723598524928093,293
6857,0.0260614026337862,293
6858,-0.0032762321643531322,293
6859,-0.09579254686832428,293
6860,-0.028310775756835938,293
6861,0.02232777699828148,293
6862,-0.007175398990511894,293
6863,-0.027148941531777382,293
6864,0.0163870919495821,293
6865,-0.5673357248306274,293
6866,0.0014523521531373262,293
6867,-0.23625041544437408,293
6868,-0.01397213339805603,293
6869,-0.15357162058353424,293
6870,-0.054266173392534256,293
6871,0.10224667191505432,293
6872,-0.02010510116815567,293
6873,-0.0961759090423584,293
6874,0.022890746593475342,293
6875,0.048167526721954346,293
6876,0.0886208564043045,293
6877,-0.028680410236120224,293
6878,-0.21500299870967865,293
6879,-0.0004684470477513969,293
6880,-0.1339854598045349,293
6881,-0.0007153456681407988,293
6882,-0.05112666264176369,293
6883,0.029653146862983704,293
6884,0.28330257534980774,293
6885,-0.16310371458530426,293
6886,-0.03109293431043625,293
6887,0.39908668398857117,293
6888,0.1558026522397995,293
6889,0.28021448850631714,293
6890,0.11950919032096863,293
6891,0.0021434433292597532,293
6892,-0.011288639158010483,293
6893,0.06307981163263321,293
6894,-0.07583177089691162,293
6895,0.02068520337343216,293
6896,0.03250071406364441,293
6897,-0.0013695398811250925,293
6898,-0.23437422513961792,293
6899,-0.006270446348935366,293
6900,-0.0653950423002243,293
6901,0.020615383982658386,293
6902,0.04124872758984566,293
6903,-0.0017973568756133318,293
6904,0.07722834497690201,293
6905,0.021098889410495758,293
6906,-0.008894450962543488,293
6907,0.03092065453529358,293
6908,0.026766907423734665,293
6909,-0.014905042946338654,293
6910,-0.26687535643577576,293
6911,0.06494493037462234,293
6912,0.0667082816362381,293
6913,-0.28783977031707764,293
6914,0.13389664888381958,293
6915,-0.026597242802381516,293
6916,0.01581447198987007,293
6917,0.4234682321548462,293
6918,-0.014344852417707443,293
6919,0.0688648670911789,293
6920,-0.002386337611824274,293
6921,0.001756446436047554,293
6922,0.08170334994792938,293
6923,-0.02363547682762146,293
6924,0.01254626177251339,293
6925,0.04495364427566528,293
6926,-0.22139385342597961,293
6927,-0.06006643921136856,293
6928,0.04740556329488754,293
6929,-0.008833087049424648,293
6930,-0.1486581563949585,293
6931,0.009063025936484337,293
6932,-0.017221760004758835,293
6933,-0.0006348248571157455,293
6934,-0.09176884591579437,293
6935,0.10143247246742249,293
6936,0.08895131945610046,293
6937,-0.007006208412349224,293
6938,0.06194465234875679,293
6939,0.014009283855557442,293
6940,0.013857828453183174,293
6941,0.009790556505322456,293
6942,0.09196241199970245,293
6943,0.283012717962265,293
6944,0.007200864143669605,293
6945,0.0953788086771965,293
6946,0.2858167886734009,293
6947,0.24919790029525757,293
6948,0.05392611771821976,293
6949,-0.2223951816558838,293
6950,-0.01563086360692978,293
6951,0.012858911417424679,293
6952,-0.01323582325130701,293
6953,-0.3013913333415985,293
6954,-0.04976151883602142,293
6955,-0.01905198022723198,293
6956,0.05352913960814476,293
6957,-0.0010623541893437505,293
6958,0.004304853733628988,293
6959,0.003552778623998165,293
6960,-0.2162076234817505,293
6961,-0.015615895390510559,293
6962,0.21478447318077087,293
6963,0.02516034059226513,293
6964,0.24093177914619446,293
6965,0.04313002526760101,293
6966,0.000823295908048749,293
6967,0.021332167088985443,293
6968,-0.00759040005505085,293
6969,-0.11020325124263763,293
6970,-0.22090178728103638,293
6971,-0.011072087101638317,293
6972,0.0013829313684254885,293
6973,0.10194013267755508,293
6974,-0.022816011682152748,293
6975,0.35559147596359253,293
6976,-0.22159065306186676,293
6977,-0.04454629868268967,293
6978,-0.11331333965063095,293
6979,0.016792695969343185,293
6980,-0.057988718152046204,293
6981,-0.10332731902599335,293
6982,-0.034982215613126755,293
6983,-0.13091525435447693,293
6984,-0.0056729428470134735,293
6985,-0.014494592323899269,293
6986,0.001893976703286171,293
6987,0.08235226571559906,293
6988,0.07788120210170746,293
6989,-0.0067268735729157925,293
6990,-0.0052834185771644115,293
6991,-0.10718511790037155,293
6992,0.004629239439964294,293
6993,0.06923434138298035,293
6994,-0.09913939237594604,293
6995,-0.0961093157529831,293
6996,-0.07070865482091904,293
6997,-0.002298263367265463,293
6998,0.08233432471752167,293
6999,0.04324977844953537,293
7000,-0.021986717358231544,293
7001,0.11739222705364227,293
7002,-0.014064191840589046,293
7003,-0.01573086343705654,293
7004,-0.0072996653616428375,293
7005,0.010753725655376911,293
7006,0.3237423300743103,293
7007,-0.01099360827356577,293
7008,-0.02157547138631344,293
7009,-0.2592388391494751,293
7010,0.047578077763319016,293
7011,0.009876009076833725,293
7012,-0.04536125063896179,293
7013,-0.031605880707502365,293
7014,-0.034461840987205505,293
7015,0.030330099165439606,293
7016,0.08689028024673462,293
7017,-0.0023979106917977333,293
7018,-0.03905532881617546,293
7019,-0.016918228939175606,293
7020,-0.017659444361925125,293
7021,0.06769806146621704,293
7022,-0.013750100508332253,293
7023,-0.08092188835144043,293
7024,0.022701477631926537,293
7025,-0.01787678897380829,293
7026,-0.003224301617592573,293
7027,0.0432230643928051,293
7028,0.09681899845600128,293
7029,-0.004802012350410223,293
7030,-0.109996497631073,293
7031,0.17075783014297485,293
7032,-0.004693710245192051,293
7033,0.018914135172963142,293
7034,-0.019306011497974396,293
7035,-0.011585228145122528,293
7036,-0.0052911993116140366,293
7037,0.05428845435380936,293
7038,-0.0014939932152628899,293
7039,0.00412483187392354,293
7040,0.06698895990848541,293
7041,0.0945686399936676,293
7042,-0.017344921827316284,293
7043,0.0021281996741890907,293
7044,-0.020681124180555344,293
7045,0.10293019562959671,293
7046,-0.008441363461315632,293
7047,-0.06644060462713242,293
7048,0.06473555415868759,293
7049,-0.045084673911333084,293
7050,0.024022523313760757,293
7051,-0.013060066848993301,293
7052,-0.052702758461236954,293
7053,-0.19111618399620056,293
7054,-0.20546071231365204,293
7055,0.14654043316841125,293
7056,0.12939564883708954,293
7057,-0.005378351546823978,293
7058,-0.04564330354332924,293
7059,-0.008197961375117302,293
7060,0.1376221776008606,293
7061,0.2670263350009918,293
7062,0.024446051567792892,293
7063,0.05594303458929062,293
7064,0.12390326708555222,293
7065,-0.001394458464346826,293
7066,-0.0678398609161377,293
7067,0.05322384834289551,293
7068,0.004812752828001976,293
7069,-0.014261689968407154,293
7070,-0.04995650798082352,293
7071,0.07943739742040634,293
7072,-0.07574409246444702,293
7073,0.322884202003479,293
7074,0.0947713702917099,293
7075,-0.09259701520204544,293
7076,0.15476128458976746,293
7077,-0.13787506520748138,293
7078,-0.005665319971740246,293
7079,0.15561282634735107,293
7080,-0.04040345549583435,293
7081,0.01581108570098877,293
7082,-0.05615198612213135,293
7083,0.006342846900224686,293
7084,0.0123593183234334,293
7085,0.025762923061847687,293
7086,-0.08759427070617676,293
7087,0.010725018568336964,293
7088,0.0223684161901474,293
7089,-0.11133619397878647,293
7090,-0.004799105226993561,293
7091,-0.04462307319045067,293
7092,-0.04324595630168915,293
7093,-0.009243895299732685,293
7094,-0.03932485356926918,293
7095,0.06450165808200836,293
7096,-0.05117340013384819,293
7097,0.016925383359193802,293
7098,-0.04062727838754654,293
7099,-0.012118542566895485,293
7100,0.14694121479988098,293
7101,-0.06280098855495453,293
7102,-0.06660842895507812,293
7103,0.004904674366116524,293
7104,0.04479518160223961,293
7105,0.27370893955230713,293
7106,0.12856042385101318,293
7107,0.0024445783346891403,293
7108,-0.04239924997091293,293
7109,-0.012064851820468903,293
7110,-0.3563744127750397,293
7111,0.056240007281303406,293
7112,-0.008791660889983177,293
7113,0.05853242427110672,293
7114,0.18640178442001343,293
7115,-0.022173477336764336,293
7116,0.0836179107427597,293
7117,-0.00582065898925066,293
7118,0.06388060003519058,293
7119,-0.007393612526357174,293
7120,-0.05024844780564308,293
7121,-0.2476978302001953,293
7122,-0.005433489568531513,293
7123,-0.012076886370778084,293
7124,-0.022036893293261528,293
7125,-0.0825946256518364,293
7126,-0.0023775165900588036,293
7127,0.6225508451461792,293
7128,0.023709923028945923,293
7129,-0.23730550706386566,293
7130,0.20192208886146545,293
7131,-0.04516107216477394,293
7132,0.03741617873311043,293
7133,0.2808065116405487,293
7134,0.0754038393497467,293
7135,0.004804650321602821,293
7136,0.19859285652637482,293
7137,-0.07034915685653687,293
7138,0.09091685712337494,293
7139,-0.0005128757911734283,293
7140,-0.08417074382305145,293
7141,-0.024209341034293175,293
7142,-0.008934635668992996,293
7143,0.04371265321969986,293
7144,0.16043657064437866,293
7145,-0.02361195534467697,293
7146,-0.028931614011526108,293
7147,0.0007483091903850436,293
7148,0.13277846574783325,293
7149,0.08037224411964417,293
7150,0.27072903513908386,293
7151,-0.027858994901180267,293
7152,-0.0260633435100317,293
7153,0.002104257931932807,293
7154,0.005458816885948181,293
7155,0.1371421366930008,293
7156,-0.03984204679727554,293
7157,0.029569217935204506,293
7158,-0.37113073468208313,293
7159,-0.0018920244183391333,293
7160,-0.03104679472744465,293
7161,0.04157312959432602,293
7162,0.06506135314702988,293
7163,-0.015283877030014992,293
7164,-0.03329133614897728,293
7165,-0.06366590410470963,293
7166,0.08796711266040802,293
7167,0.0014266569633036852,293
7168,-0.08928888291120529,293
7169,0.015223157592117786,293
7170,0.2263335883617401,293
7171,0.0255350973457098,293
7172,-0.03790657967329025,293
7173,-0.07483430206775665,293
7174,0.007017653435468674,293
7175,-0.12154561281204224,293
7176,0.03232473134994507,293
7177,0.030026890337467194,293
7178,0.1148209422826767,293
7179,-0.001418338157236576,293
7180,-0.13531185686588287,293
7181,-0.07229682058095932,293
7182,0.24691343307495117,293
7183,0.0036253631114959717,293
7184,0.0015209394041448832,293
7185,-0.14091357588768005,293
7186,0.07940486073493958,293
7187,-0.06079385429620743,293
7188,-0.14538069069385529,293
7189,0.06837858259677887,293
7190,-0.010563669726252556,293
7191,0.054955821484327316,293
7192,0.058017194271087646,293
7193,0.05211630463600159,293
7194,-0.011939043179154396,293
7195,-0.023826682940125465,293
7196,0.01628231629729271,293
7197,-0.03565506637096405,293
7198,0.15736103057861328,293
7199,0.35605892539024353,293
7200,-0.2074434906244278,293
7201,-0.030843274667859077,293
7202,0.0007299075368791819,293
7203,-0.05836425721645355,293
7204,0.14835858345031738,293
7205,-0.0017913675401359797,293
7206,0.04089553654193878,293
7207,0.040291041135787964,293
7208,0.043654318898916245,293
7209,-0.03771863877773285,293
7210,-0.016674470156431198,293
7211,-0.012533046305179596,293
7212,0.0007992982864379883,293
7213,-0.03150589391589165,293
7214,-0.061852212995290756,293
7215,-0.043485332280397415,293
7216,-0.10211214423179626,293
7217,-0.06252268701791763,293
7218,-0.03681279718875885,293
7219,0.0014731073752045631,293
7220,0.01027828361839056,293
7221,-0.12035073339939117,293
7222,0.03183411806821823,293
7223,-0.01736987754702568,293
7224,0.03033442236483097,293
7225,0.028729477897286415,293
7226,-0.03214629366993904,293
7227,-0.028154904022812843,293
7228,0.20549599826335907,293
7229,-0.007668311707675457,293
7230,0.006712680216878653,293
7231,0.16667397320270538,293
7232,-0.06970721483230591,293
7233,0.007001637481153011,293
7234,0.049765218049287796,293
7235,-0.002637166529893875,293
7236,0.27790626883506775,293
7237,0.1286552995443344,293
7238,0.11605092883110046,293
7239,0.0278420802205801,293
7240,0.07082497328519821,293
7241,0.01890648528933525,293
7242,-0.008318431675434113,293
7243,0.021217145025730133,293
7244,-0.08743149787187576,293
7245,-0.17950955033302307,293
7246,0.14160501956939697,293
7247,0.039380475878715515,293
7248,-0.029561210423707962,293
7249,-0.03158470243215561,293
7250,0.07116954028606415,293
7251,-0.029207823798060417,293
7252,-0.004704294726252556,293
7253,0.029782377183437347,293
7254,-0.0001963629329111427,293
7255,-0.04905272647738457,293
7256,-0.03297453746199608,293
7257,-0.08179591596126556,293
7258,-0.005571011453866959,293
7259,0.38508743047714233,293
7260,0.007328728213906288,293
7261,0.17466185986995697,293
7262,0.009875915944576263,293
7263,0.06272108107805252,293
7264,0.011325790546834469,293
7265,-0.08649132400751114,293
7266,0.021114639937877655,293
7267,-0.0041293790563941,293
7268,-0.09852451831102371,293
7269,-0.0023469547741115093,293
7270,-8.728861575946212e-05,293
7271,-0.058834388852119446,293
7272,-0.17567843198776245,293
7273,-0.010951250791549683,293
7274,0.7502861618995667,293
7275,-0.1234218031167984,293
7276,-0.23458288609981537,293
7277,-0.009502560831606388,293
7278,0.24430088698863983,293
7279,-0.025204747915267944,293
7280,-0.5739262104034424,293
7281,-0.010516510345041752,293
7282,0.042506441473960876,293
7283,-0.022619998082518578,293
7284,-0.0015033343806862831,293
7285,-0.03146577626466751,293
7286,-0.4415884017944336,293
7287,0.17200832068920135,293
7288,-0.0005279508186504245,293
7289,0.09778013825416565,293
7290,0.1070001944899559,293
7291,-0.0336151048541069,293
7292,0.01979743130505085,293
7293,0.0112324059009552,293
7294,-0.16536208987236023,293
7295,0.08809295296669006,293
7296,-0.011345037259161472,293
7297,0.10763484239578247,293
7298,-0.04744386300444603,293
7299,-0.14334739744663239,293
7300,0.03465986251831055,293
7301,0.006919451057910919,293
7302,-0.004341979045420885,293
7303,-0.20690706372261047,293
7304,0.07719799876213074,293
7305,0.03384373337030411,293
7306,0.043987054377794266,293
7307,-0.001120764296501875,293
7308,0.00792289711534977,293
7309,-0.10604822635650635,293
7310,0.027654794976115227,293
7311,-0.16550715267658234,293
7312,0.02372843213379383,293
7313,0.013569716364145279,293
7314,-0.005688142962753773,293
7315,-0.051606953144073486,293
7316,0.05838118866086006,293
7317,-0.09664268791675568,293
7318,0.0586400181055069,293
7319,0.0502922423183918,293
7320,0.1274397075176239,293
7321,-0.016637088730931282,293
7322,0.016581833362579346,293
7323,0.018355123698711395,293
7324,-0.21281324326992035,293
7325,-0.4312348961830139,293
7326,0.4769631624221802,293
7327,0.28559643030166626,293
7328,0.00172816077247262,293
7329,0.018058955669403076,293
7330,0.04980383813381195,293
7331,0.10921482741832733,293
7332,-0.003613085951656103,293
7333,-0.009003511629998684,293
7334,-0.13362988829612732,293
7335,-0.005296170711517334,293
7336,-0.08422377705574036,293
7337,-0.17642462253570557,293
7338,0.07750393450260162,293
7339,0.1935473531484604,293
7340,0.31554558873176575,293
7341,-0.0017978325486183167,293
7342,-0.0014927664306014776,293
7343,0.015280727297067642,293
7344,0.24168163537979126,293
7345,0.06943096965551376,293
7346,-0.014173412695527077,293
7347,0.014823300763964653,293
7348,-0.003008868545293808,293
7349,0.06081617623567581,293
7350,0.21401411294937134,293
7351,0.0442192442715168,293
7352,0.011966435238718987,293
7353,0.018956953659653664,293
7354,0.05444320663809776,293
7355,0.029177695512771606,293
7356,0.12323062866926193,293
7357,0.03729422762989998,293
7358,-0.017030619084835052,293
7359,-0.00773827638477087,293
7360,0.0029388763941824436,293
7361,-0.036667659878730774,293
7362,-0.004508565180003643,293
7363,-0.061155594885349274,293
7364,-0.0035705091431736946,293
7365,0.0015429272316396236,293
7366,-0.006295806262642145,293
7367,-0.005611680448055267,293
7368,0.05992677062749863,293
7369,-0.20330052077770233,293
7370,-0.008007768541574478,293
7371,-0.0033152448013424873,293
7372,0.11838246881961823,293
7373,0.1255486011505127,293
7374,0.02935187704861164,293
7375,-0.08370313048362732,293
7376,0.013085922226309776,293
7377,0.18156489729881287,293
7378,0.0784243494272232,293
7379,-0.0024388832971453667,293
7380,-0.01378874946385622,293
7381,0.10380740463733673,293
7382,-0.09727825969457626,293
7383,-0.05279983580112457,293
7384,-0.05404544249176979,293
7385,-0.027366066351532936,293
7386,-0.015249128453433514,293
7387,-0.08567813038825989,293
7388,-0.006928528659045696,293
7389,0.12117114663124084,293
7390,-0.028859376907348633,293
7391,0.0224907323718071,293
7392,-0.07506287097930908,293
7393,0.024755576625466347,293
7394,0.014339379034936428,293
7395,-0.002681518904864788,293
7396,0.0031904797069728374,293
7397,-0.02256741002202034,293
7398,-0.008676696568727493,293
7399,0.020408816635608673,293
7400,-0.0022658391389995813,293
7401,0.1018577367067337,293
7402,-0.029206935316324234,293
7403,0.006028453353792429,293
7404,0.06537935137748718,293
7405,0.07502000033855438,293
7406,-0.0012273562606424093,293
7407,-0.007658950984477997,293
7408,0.04068593308329582,293
7409,-0.15331758558750153,293
7410,-0.13892123103141785,293
7411,-0.006158805452287197,293
7412,0.16758224368095398,293
7413,0.39404359459877014,293
7414,0.01745280995965004,293
7415,-0.029659923166036606,293
7416,0.28970497846603394,293
7417,-0.000554583384655416,293
7418,-0.09790321439504623,293
7419,-0.007751538883894682,293
7420,-0.023684091866016388,293
7421,0.0644681304693222,293
7422,-0.1539757251739502,293
7423,0.030412612482905388,293
7424,-0.008441869169473648,293
7425,0.33854997158050537,293
7426,0.11233572661876678,293
7427,-0.09881237149238586,293
7428,-0.16174772381782532,293
7429,-0.044175244867801666,293
7430,-0.024023976176977158,293
7431,0.03833571821451187,293
7432,0.08616240322589874,293
7433,-0.43917936086654663,293
7434,-0.6027659177780151,293
7435,0.08956816792488098,293
7436,-0.0015170443803071976,293
7437,-0.026057396084070206,293
7438,-0.009653095155954361,293
7439,-0.07928434014320374,293
7440,-0.0055670300498604774,293
7441,0.009078776463866234,293
7442,0.1546156406402588,293
7443,-0.006964529864490032,293
7444,-0.3155950605869293,293
7445,-0.08534541726112366,293
7446,0.2666940689086914,293
7447,-0.0025276215746998787,293
7448,-0.589432954788208,293
7449,0.01471534464508295,293
7450,-0.07363729178905487,293
7451,-0.007948103360831738,293
7452,0.13023093342781067,293
7453,-0.10523118078708649,293
7454,-0.07124167680740356,293
7455,0.0235842727124691,293
7456,0.018857907503843307,293
7457,0.23113316297531128,293
7458,0.04360842704772949,293
7459,-0.008262122049927711,293
7460,0.10849873721599579,293
7461,-0.021871108561754227,293
7462,-0.030613262206315994,293
7463,-0.029205741360783577,293
7464,-0.058207713067531586,293
7465,0.017034631222486496,293
7466,-0.0956483781337738,293
7467,-0.1565629243850708,293
7468,0.03899732232093811,293
7469,0.1015293151140213,293
7470,0.011429119855165482,293
7471,0.03564662113785744,293
7472,0.004034464247524738,293
7473,-0.06938330829143524,293
7474,0.15705445408821106,293
7475,-0.05882002040743828,293
7476,-0.5946029424667358,293
7477,0.17237769067287445,293
7478,0.008669843897223473,293
7479,-0.015135034918785095,293
7480,0.053281739354133606,293
7481,0.02944215200841427,293
7482,-0.04194413870573044,293
7483,0.004089733585715294,293
7484,0.0029511302709579468,293
7485,-0.19334246218204498,293
7486,-0.00016723010048735887,293
7487,-0.00889739952981472,293
7488,-0.014872340485453606,293
7489,0.023132018744945526,293
7490,0.20758268237113953,293
7491,0.22397691011428833,293
7492,0.12448160350322723,293
7493,0.04173091799020767,293
7494,-0.010338829830288887,293
7495,0.029627647250890732,293
7496,-0.0067998445592820644,293
7497,-0.11692440509796143,293
7498,-0.0022057914175093174,293
7499,-0.006646931171417236,293
7500,0.13970714807510376,293
7501,-0.04226670041680336,293
7502,0.022681206464767456,293
7503,-0.005111426115036011,293
7504,0.039048612117767334,293
7505,-0.03441261500120163,293
7506,-0.22724588215351105,293
7507,-0.003720406675711274,293
7508,0.05858226120471954,293
7509,0.11421651393175125,293
7510,-0.0827077180147171,293
7511,0.09773987531661987,293
7512,0.2830837368965149,293
7513,0.017349930480122566,293
7514,-0.088030144572258,293
7515,-0.008595915511250496,293
7516,-0.020314550027251244,293
7517,-0.0015068772481754422,293
7518,0.023807507008314133,293
7519,-0.011765966191887856,293
7520,0.0023691251408308744,293
7521,-0.0155698973685503,293
7522,-0.017664922401309013,293
7523,-0.0069574047811329365,293
7524,0.06881695240736008,293
7525,0.021980803459882736,293
7526,-0.016232112422585487,293
7527,0.03268304094672203,293
7528,0.05301598086953163,293
7529,9.894187678582966e-05,293
7530,0.05638197809457779,293
7531,-0.22358199954032898,293
7532,-0.034119147807359695,293
7533,-0.595068097114563,293
7534,-0.0011545629240572453,293
7535,-0.0012584403157234192,293
7536,0.013033503666520119,293
7537,0.0498768612742424,293
7538,0.03917539119720459,293
7539,0.2719639539718628,293
7540,-0.11511963605880737,293
7541,0.06518565863370895,293
7542,0.0028215767815709114,293
7543,-0.022804783657193184,293
7544,0.013007823377847672,293
7545,0.010647404938936234,293
7546,0.05413462594151497,293
7547,0.020548895001411438,293
7548,0.1429218202829361,293
7549,0.012989383190870285,293
7550,0.004914015531539917,293
7551,0.13627904653549194,293
7552,-0.009913183748722076,293
7553,-0.013140587136149406,293
7554,-0.002084617968648672,293
7555,-0.014654701575636864,293
7556,-0.03998114913702011,293
7557,-0.05262583866715431,293
7558,-0.07043339312076569,293
7559,-0.0006245709955692291,293
7560,-0.010312486439943314,293
7561,0.03859434276819229,293
7562,0.002927000168710947,293
7563,-0.0025526101235300303,293
7564,0.015223095193505287,293
7565,0.21734881401062012,293
7566,0.05351366475224495,293
7567,-0.004194185603410006,293
7568,0.14338496327400208,293
7569,-0.026157792657613754,293
7570,-0.058853134512901306,293
7571,0.042437054216861725,293
7572,-0.07133498787879944,293
7573,-0.13524818420410156,293
7574,-0.007855888456106186,293
7575,0.32431966066360474,293
7576,-0.0033490690402686596,293
7577,-0.024881625548005104,293
7578,0.009027787484228611,293
7579,-0.002506632823497057,293
7580,0.022625982761383057,293
7581,0.12468497455120087,293
7582,-0.010395657271146774,293
7583,-0.3108014464378357,293
7584,0.08915819227695465,293
7585,-0.041138313710689545,293
7586,-0.028650997206568718,293
7587,0.008114076219499111,293
7588,0.051923107355833054,293
7589,0.033371031284332275,293
7590,0.0786098837852478,293
7591,0.09073843061923981,293
7592,-0.013352472335100174,293
7593,-0.08112062513828278,293
7594,-0.0005391016602516174,293
7595,-0.0009138025343418121,293
7596,-0.024562865495681763,293
7597,-0.0047803232446312904,293
7598,-0.005047467537224293,293
7599,-0.00133156543597579,293
7600,0.029980186372995377,293
7601,-0.0032082684338092804,293
7602,-0.024907223880290985,293
7603,-0.3052392601966858,293
7604,0.006466280668973923,293
7605,-0.15542486310005188,293
7606,-0.19052572548389435,293
7607,-0.033812474459409714,293
7608,-5.4650940001010895e-05,293
7609,-0.06259679794311523,293
7610,0.033095646649599075,293
7611,0.10532307624816895,293
7612,0.027048157528042793,293
7613,-0.013772108592092991,293
7614,0.03289908915758133,293
7615,-0.16865403950214386,293
7616,-0.005893745459616184,293
7617,-0.10134294629096985,293
7618,-0.0011849738657474518,293
7619,0.13429123163223267,293
7620,-0.053119514137506485,293
7621,0.06922447681427002,293
7622,0.07628333568572998,293
7623,-0.006176646798849106,293
7624,0.09866516292095184,293
7625,-0.007977117784321308,293
7626,0.2759183347225189,293
7627,-0.09324657917022705,293
7628,-0.017424477264285088,293
7629,-0.024061638861894608,293
7630,0.8094617128372192,293
7631,-0.012001467868685722,293
7632,0.014238372445106506,293
7633,0.02449219673871994,293
7634,-0.009738819673657417,293
7635,-0.046107493340969086,293
7636,0.008602882735431194,293
7637,-0.007106316741555929,293
7638,-0.038978397846221924,293
7639,0.013828432187438011,293
7640,0.07059173285961151,293
7641,-0.06712260842323303,293
7642,0.08007745444774628,293
7643,-0.07382143288850784,293
7644,-0.043797485530376434,293
7645,0.025874488055706024,293
7646,-0.03185044974088669,293
7647,-0.06237533316016197,293
7648,-0.0014082208508625627,293
7649,-0.035307377576828,293
7650,0.01830432564020157,293
7651,-0.02711883932352066,293
7652,-0.04515731707215309,293
7653,-0.004012660589069128,293
7654,-0.004045521374791861,293
7655,-0.0010622346308082342,293
7656,0.06920744478702545,293
7657,0.009293491952121258,293
7658,0.06777018308639526,293
7659,0.04938217252492905,293
7660,-0.09049132466316223,293
7661,-0.15368887782096863,293
7662,0.07343491166830063,293
7663,-0.016237549483776093,293
7664,-0.060996539890766144,293
7665,-0.007884002290666103,293
7666,-0.007651590742170811,293
7667,0.026457028463482857,293
7668,0.27279964089393616,293
7669,-0.08639906346797943,293
7670,0.15365439653396606,293
7671,-0.0004777712747454643,293
7672,-0.05127858370542526,293
7673,0.024809908121824265,293
7674,-0.00025697227101773024,293
7675,0.11160936951637268,293
7676,-0.02924663946032524,293
7677,-0.003981220070272684,293
7678,0.011184189468622208,293
7679,0.16947945952415466,293
7680,-0.028872502967715263,293
7681,-0.005401347763836384,293
7682,-0.02545350417494774,293
7683,0.0007378300651907921,293
7684,-0.02492382749915123,293
7685,0.3494372069835663,293
7686,0.07665014266967773,293
7687,0.1206914633512497,293
7688,-0.015629839152097702,293
7689,0.001258624717593193,293
7690,-0.2067672312259674,293
7691,-0.03810834884643555,293
7692,-0.002062923274934292,293
7693,0.41580525040626526,293
7694,0.14467427134513855,293
7695,-0.01474989578127861,293
7696,-0.31323134899139404,293
7697,0.012822131626307964,293
7698,0.13928504288196564,293
7699,0.0014782501384615898,293
7700,0.014821885153651237,293
7701,-0.03919075056910515,293
7702,-0.020163968205451965,293
7703,-0.06793393194675446,293
7704,0.01797322928905487,293
7705,-0.017923643812537193,293
7706,0.021270032972097397,293
7707,-0.04846234619617462,293
7708,-0.011573303490877151,293
7709,-0.07988620549440384,293
7710,-0.04318493977189064,293
7711,-0.3539978861808777,293
7712,0.023601055145263672,293
7713,-0.07667484879493713,293
7714,0.005150368437170982,293
7715,0.06902195513248444,293
7716,-0.019877737388014793,293
7717,-0.00019340403378009796,293
7718,-0.004468508996069431,293
7719,-0.018696334213018417,293
7720,0.05467148870229721,293
7721,-0.03268253803253174,293
7722,-0.3962901830673218,293
7723,0.006032584235072136,293
7724,-0.034908078610897064,293
7725,-0.002808826509863138,293
7726,-0.058312661945819855,293
7727,-0.012625668197870255,293
7728,-0.036180973052978516,293
7729,-0.014239585027098656,293
7730,-0.0011705784127116203,293
7731,-0.005628446117043495,293
7732,-0.20415839552879333,293
7733,-0.05017589032649994,293
7734,-0.04939504712820053,293
7735,-0.041441429406404495,293
7736,0.04416020214557648,293
7737,-0.008978246711194515,293
7738,-0.018317585811018944,293
7739,0.025127030909061432,293
7740,-0.05114508047699928,293
7741,-0.3817191421985626,293
7742,-0.003524395637214184,293
7743,-0.007679247763007879,293
7744,0.014454785734415054,293
7745,0.022123750299215317,293
7746,0.021630965173244476,293
7747,0.02873913384974003,293
7748,0.01631033420562744,293
7749,-0.006767864804714918,293
7750,0.13258498907089233,293
7751,-0.007187823764979839,293
7752,-0.28146329522132874,293
7753,-0.2694898843765259,293
7754,-0.10628500580787659,293
7755,0.0529400110244751,293
7756,-0.09243004769086838,293
7757,0.008455481380224228,293
7758,-0.030130572617053986,293
7759,-0.17875641584396362,293
7760,0.09041697531938553,293
7761,-0.057445328682661057,293
7762,-0.007632901892066002,293
7763,-0.00906788744032383,293
7764,-0.0004450221313163638,293
7765,-0.001677459105849266,293
7766,-0.03335700184106827,293
7767,0.044853538274765015,293
7768,-0.01796436496078968,293
7769,0.1932162493467331,293
7770,-0.009078680537641048,293
7771,0.16085852682590485,293
7772,-0.03316216915845871,293
7773,0.0027113815303891897,293
7774,0.021520745009183884,293
7775,0.009180041961371899,293
7776,0.15402427315711975,293
7777,0.2424350082874298,293
7778,-0.043795980513095856,293
7779,0.003005384234711528,293
7780,-0.0021342115942388773,293
7781,0.0023645665496587753,293
7782,-0.016461506485939026,293
7783,0.05069046467542648,293
7784,-0.0028507490642368793,293
7785,-0.013561105355620384,293
7786,0.025873150676488876,293
7787,-0.008072936907410622,293
7788,-0.0005881987744942307,293
7789,0.07953761518001556,293
7790,0.03291918337345123,293
7791,0.10505472868680954,293
7792,-0.2572549879550934,293
7793,0.21165546774864197,293
7794,0.002580129774287343,293
7795,0.29192468523979187,293
7796,0.014417244121432304,293
7797,-0.010973417200148106,293
7798,0.0016891437117010355,293
7799,0.15213599801063538,293
7800,-0.035798944532871246,293
7801,-0.0018459343118593097,293
7802,0.004313189070671797,293
7803,0.041871365159749985,293
7804,0.04984568804502487,293
7805,-1.608137972652912e-05,293
7806,0.03525666519999504,293
7807,0.015244030393660069,293
7808,-0.011913478374481201,293
7809,0.17660951614379883,293
7810,-0.03721410036087036,293
7811,-0.011788174510002136,293
7812,-0.053075749427080154,293
7813,-0.05071304738521576,293
7814,-0.12208709120750427,293
7815,-0.021200325340032578,293
7816,-0.0455012321472168,293
7817,0.04122665524482727,293
7818,0.01549001969397068,293
7819,-0.13330234587192535,293
7820,-0.04210010915994644,293
7821,-0.28516680002212524,293
7822,0.12876534461975098,293
7823,-0.06167386472225189,293
7824,-0.006663430482149124,293
7825,0.12327485531568527,293
7826,-0.010372372344136238,293
7827,-0.2861420512199402,293
7828,-0.3909071385860443,293
7829,-0.12784051895141602,293
7830,-0.006277558393776417,293
7831,-0.006387192290276289,293
7832,-0.13219287991523743,293
7833,0.0010605899151414633,293
7834,0.13057975471019745,293
7835,-0.016597606241703033,293
7836,-0.028291694819927216,293
7837,-0.07063311338424683,293
7838,0.059235744178295135,293
7839,-0.08690965175628662,293
7840,-0.0032034581527113914,293
7841,0.06415854394435883,293
7842,-0.06572230905294418,293
7843,0.023953141644597054,293
7844,-0.006583306007087231,293
7845,0.031964294612407684,293
7846,0.021082546561956406,293
7847,0.00975903682410717,293
7848,-0.10026659816503525,293
7849,-0.00013090355787426233,293
7850,0.07871314883232117,293
7851,0.001214910764247179,293
7852,-0.05653668940067291,293
7853,-0.01018963847309351,293
7854,0.023979177698493004,293
7855,-0.15806648135185242,293
7856,0.08469796180725098,293
7857,0.13218185305595398,293
7858,0.1530304253101349,293
7859,-0.07880085706710815,293
7860,-0.20094065368175507,293
7861,-0.22915984690189362,293
7862,0.007170775905251503,293
7863,0.013378381729125977,293
7864,0.02268110401928425,293
7865,-0.006319935899227858,293
7866,0.003095051273703575,293
7867,-0.016128094866871834,293
7868,-0.005464774556457996,293
7869,0.005843548569828272,293
7870,-0.10104159265756607,293
7871,-0.004310093820095062,293
7872,-0.011447101831436157,293
7873,0.10373928397893906,293
7874,-0.0921240970492363,293
7875,0.012314197607338428,293
7876,-0.000819152221083641,293
7877,-0.014954207465052605,293
7878,0.026052206754684448,293
7879,0.02820483222603798,293
7880,0.06591575592756271,293
7881,0.03079409711062908,293
7882,-0.03238401934504509,293
7883,0.018910616636276245,293
7884,-0.21322907507419586,293
7885,0.006473751273006201,293
7886,0.15549716353416443,293
7887,0.21478506922721863,293
7888,0.26572173833847046,293
7889,0.08562000095844269,293
7890,-0.03385200351476669,293
7891,-0.011941567063331604,293
7892,-0.07525623589754105,293
7893,0.03171947970986366,293
7894,0.03765703737735748,293
7895,0.045319780707359314,293
7896,-0.029391400516033173,293
7897,0.04480237513780594,293
7898,-0.008322112262248993,293
7899,-0.06345365941524506,293
7900,-0.018803227692842484,293
7901,-0.09882736951112747,293
7902,0.040155500173568726,293
7903,-0.20978674292564392,293
7904,0.03887726739048958,293
7905,-0.026435326784849167,293
7906,0.007423671893775463,293
7907,0.0031379349529743195,293
7908,-0.025470256805419922,293
7909,-0.1303035318851471,293
7910,0.029263406991958618,293
7911,-0.002580800326541066,293
7912,-0.047003790736198425,293
7913,0.031903013586997986,293
7914,-0.005505143664777279,293
7915,-0.003897812683135271,293
7916,-0.03628728538751602,293
7917,0.08011580258607864,293
7918,-0.013639666140079498,293
7919,0.017035745084285736,293
7920,0.07343243062496185,293
7921,-0.35591626167297363,293
7922,0.10822147130966187,293
7923,-0.009700484573841095,293
7924,-0.08839072287082672,293
7925,0.048078492283821106,293
7926,-0.019063811749219894,293
7927,0.11582884192466736,293
7928,-0.38995271921157837,293
7929,-0.1289079487323761,293
7930,-0.09028961509466171,293
7931,-0.15137988328933716,293
7932,-0.002147408900782466,293
7933,-0.007915915921330452,293
7934,-0.14079375565052032,293
7935,-0.08377144485712051,293
7936,-0.002994575072079897,293
7937,0.13178613781929016,293
7938,-0.004816881846636534,293
7939,0.0028700046241283417,293
7940,0.47358429431915283,293
7941,-0.025546647608280182,293
7942,-0.005249470937997103,293
7943,-0.004506661556661129,293
7944,-0.08232675492763519,293
7945,-0.02445821277797222,293
7946,-0.2476109266281128,293
7947,-0.0022180830128490925,293
7948,-2.6453948521520942e-05,293
7949,0.008800338953733444,293
7950,-0.02817610092461109,293
7951,0.009442414157092571,293
7952,-0.006841717287898064,293
7953,0.012593863531947136,293
7954,0.01002093218266964,293
7955,-0.04424389451742172,293
7956,-0.07317634671926498,293
7957,-0.031128812581300735,293
7958,-0.014798518270254135,293
7959,-0.008293652907013893,293
7960,-0.016989286988973618,293
7961,0.020233169198036194,293
7962,-0.00869716890156269,293
7963,0.12870439887046814,293
7964,0.10462380945682526,293
7965,-0.09953160583972931,293
7966,0.0056295013055205345,293
7967,0.06952247023582458,293
7968,-0.42948052287101746,293
7969,-0.023216161876916885,293
7970,-0.062227293848991394,293
7971,-0.019232377409934998,293
7972,0.010891405865550041,293
7973,0.051512353122234344,293
7974,-0.11956968158483505,293
7975,0.02565227821469307,293
7976,-0.03825321048498154,293
7977,-0.0005268765380606055,293
7978,-0.0999801829457283,293
7979,-0.0029723169282078743,293
7980,0.006281678564846516,293
7981,-0.10317513346672058,293
7982,-0.05342547595500946,293
7983,-0.018991729244589806,293
7984,0.011688372120261192,293
7985,-0.017423439770936966,293
7986,0.13438259065151215,293
7987,0.05409986525774002,293
7988,0.03556010127067566,293
7989,-0.14481139183044434,293
7990,0.003582250326871872,293
7991,0.04266374185681343,293
7992,0.04816580191254616,293
7993,-0.3218578100204468,293
7994,0.08593684434890747,293
7995,-0.04467339441180229,293
7996,-0.003076166147366166,293
7997,-0.2088080495595932,293
7998,0.07493241131305695,293
7999,0.0036934074014425278,293
8000,-0.05509348213672638,293
8001,-0.0814252644777298,293
8002,0.11569802463054657,293
8003,0.14859698712825775,293
8004,-0.09089967608451843,293
8005,-0.03052503988146782,293
8006,0.1501937359571457,293
8007,-0.0033435984514653683,293
8008,0.004954812116920948,293
8009,-0.06421902775764465,293
8010,-0.002110444474965334,293
8011,0.0542987659573555,293
8012,0.02991296537220478,293
8013,-0.07537638396024704,293
8014,0.00664387596771121,293
8015,-0.001500941114500165,293
8016,0.035861801356077194,293
8017,-0.0793481320142746,293
8018,0.1533960998058319,293
8019,0.11474068462848663,293
8020,-0.040351785719394684,293
8021,-0.027769379317760468,293
8022,0.5596243143081665,293
8023,-0.03148433193564415,293
8024,-0.05668037757277489,293
8025,0.037214621901512146,293
8026,-0.01590244099497795,293
8027,0.055286210030317307,293
8028,0.0802304744720459,293
8029,-0.0023310494143515825,293
8030,0.4959928095340729,293
8031,0.0412418395280838,293
8032,0.025930136442184448,293
8033,0.10661347210407257,293
8034,0.04605556279420853,293
8035,0.02513454109430313,293
8036,-0.058588411659002304,293
8037,-0.03930925577878952,293
8038,0.006651289761066437,293
8039,0.03641565144062042,293
8040,-0.0096326544880867,293
8041,0.15897531807422638,293
8042,-0.02312566339969635,293
8043,-0.2299339324235916,293
8044,-0.0019432349363341928,293
8045,0.012449931353330612,293
8046,-0.5261025428771973,293
8047,0.20902135968208313,293
8048,0.026734046638011932,293
8049,0.05826758220791817,293
8050,-0.005989173427224159,293
8051,-0.2998242974281311,293
8052,0.37284237146377563,293
8053,0.16536803543567657,293
8054,0.030239012092351913,293
8055,0.03297996520996094,293
8056,-0.17650030553340912,293
8057,0.07150256633758545,293
8058,-0.025770779699087143,293
8059,0.03389345854520798,293
8060,-0.0025689788162708282,293
8061,-0.010633115656673908,293
8062,-0.06718713045120239,293
8063,-0.0005686074146069586,293
8064,0.0011666693026199937,293
8065,0.07559776306152344,293
8066,0.18441680073738098,293
8067,-0.02399637922644615,293
8068,0.013556214049458504,293
8069,0.10496437549591064,293
8070,0.04326629638671875,293
8071,0.0056992159225046635,293
8072,-0.13225236535072327,293
8073,-0.0008928785100579262,293
8074,-0.07317741215229034,293
8075,0.06184777989983559,293
8076,0.03201707452535629,293
8077,0.09240089356899261,293
8078,-0.3310076594352722,293
8079,-0.00829019770026207,293
8080,-0.13906696438789368,293
8081,-0.0553763285279274,293
8082,-0.5552316904067993,293
8083,-0.014747667126357555,293
8084,-0.004313819110393524,293
8085,-0.06135781109333038,293
8086,-0.03224211186170578,293
8087,-0.042685121297836304,293
8088,-0.12982013821601868,293
8089,0.00935402698814869,293
8090,-0.1812058538198471,293
8091,-0.0036634870339185,293
8092,-0.14683565497398376,293
8093,0.01752716302871704,293
8094,-0.10713596642017365,293
8095,0.013372711837291718,293
8096,-0.014607387594878674,293
8097,-0.006304298527538776,293
8098,-0.021110758185386658,293
8099,0.013128319755196571,293
8100,0.22627049684524536,293
8101,0.008652210235595703,293
8102,-0.04099411144852638,293
8103,-0.06515269726514816,293
8104,-0.1514739990234375,293
8105,-0.4977630078792572,293
8106,0.12059006094932556,293
8107,-0.007347149308770895,293
8108,0.08368438482284546,293
8109,-0.0050458419136703014,293
8110,-0.09004653990268707,293
8111,-0.019232146441936493,293
8112,-0.01791456528007984,293
8113,-0.0708199292421341,293
8114,-0.5088983178138733,293
8115,0.07595901191234589,293
8116,0.13847790658473969,293
8117,-0.016504928469657898,293
8118,-0.014756974764168262,293
8119,0.023214368149638176,293
8120,0.0046952348202466965,293
8121,-0.04286692664027214,293
8122,0.008557966910302639,293
8123,0.009594963863492012,293
8124,-0.00616487255319953,293
8125,-0.0913323312997818,293
8126,0.0029739486053586006,293
8127,0.029337499290704727,293
8128,0.14308403432369232,293
8129,-0.024964721873402596,293
8130,-0.08750183135271072,293
8131,0.016562048345804214,293
8132,-0.00919097475707531,293
8133,-0.02985846810042858,293
8134,0.0014189861249178648,293
8135,0.012722259387373924,293
8136,0.16078296303749084,293
8137,0.04050186648964882,293
8138,0.1280279904603958,293
8139,-0.1371641606092453,293
8140,-0.3690718412399292,293
8141,-0.009588274173438549,293
8142,-0.185623437166214,293
8143,-0.01384780928492546,293
8144,-0.011924151331186295,293
8145,-0.02573731727898121,293
8146,0.0011464499402791262,293
8147,-0.0958455353975296,293
8148,0.042865902185440063,293
8149,-0.007256512064486742,293
8150,-0.011996106244623661,293
8151,0.026947617530822754,293
8152,-0.01438920758664608,293
8153,-0.0677526593208313,293
8154,-0.0011144704185426235,293
8155,0.018075037747621536,293
8156,-0.04686660319566727,293
8157,0.22628797590732574,293
8158,-0.17250262200832367,293
8159,0.19778485596179962,293
8160,0.06983552128076553,293
8161,-0.007399803958833218,293
8162,-0.14695334434509277,293
8163,-0.10142821818590164,293
8164,-0.006326479837298393,293
8165,-0.1189967542886734,293
8166,0.0007955682231113315,293
8167,0.05474602431058884,293
8168,0.032898060977458954,293
8169,-0.007153763435781002,293
8170,0.02176954783499241,293
8171,-0.0018553179688751698,293
8172,-0.06468383222818375,293
8173,0.3436709940433502,293
8174,-0.010318400338292122,293
8175,-0.0052918023429811,293
8176,-0.022048046812415123,293
8177,-0.030948307365179062,293
8178,0.02545860968530178,293
8179,-0.008442975580692291,293
8180,0.004971527494490147,293
8181,-0.37500637769699097,293
8182,-0.08911682665348053,293
8183,0.08625958859920502,293
8184,0.1462642252445221,293
8185,0.011405376717448235,293
8186,-0.0073116132989525795,293
8187,-0.04985300451517105,293
8188,0.08783703297376633,293
8189,-0.024855514988303185,293
8190,0.08376573771238327,293
8191,-0.008854780346155167,293
8192,-0.024554356932640076,293
8193,-0.05504347011446953,293
8194,-0.0005974743980914354,293
8195,0.04541817307472229,293
8196,0.025780990719795227,293
8197,-0.0003136692976113409,293
8198,-0.09093110263347626,293
8199,0.041754260659217834,293
8200,0.059017378836870193,293
8201,0.00966244749724865,293
8202,0.0011777915060520172,293
8203,-0.18370166420936584,293
8204,-0.0020553157664835453,293
8205,0.05418559908866882,293
8206,0.03605112433433533,293
8207,0.018948305398225784,293
8208,2.8300564736127853e-06,293
8209,-0.27496087551116943,293
8210,0.010921354405581951,293
8211,-0.04290913790464401,293
8212,-0.00404140492901206,293
8213,0.08955460041761398,293
8214,0.07558269053697586,293
8215,0.0003191996365785599,293
8216,-0.017237696796655655,293
8217,0.02126842737197876,293
8218,0.025861671194434166,293
8219,0.06005821377038956,293
8220,-0.00029497890500351787,293
8221,-0.0005751787684857845,293
8222,-0.005910561420023441,293
8223,-0.18477356433868408,293
8224,0.018660400062799454,293
8225,-0.08404634892940521,293
8226,0.0033445656299591064,293
8227,0.04637434333562851,293
8228,-0.03707414120435715,293
8229,0.05652862414717674,293
8230,-0.008581658825278282,293
8231,-0.015334956347942352,293
8232,-0.07352187484502792,293
8233,0.044502440840005875,293
8234,0.5115895867347717,293
8235,-0.02530658431351185,293
8236,0.08330048620700836,293
8237,0.1661764234304428,293
8238,-0.11707313358783722,293
8239,0.07577772438526154,293
8240,-0.04040025174617767,293
8241,0.006268310360610485,293
8242,-0.04338190332055092,293
8243,0.10707375407218933,293
8244,0.10380031913518906,293
8245,0.029999511316418648,293
8246,0.03357069939374924,293
8247,-0.0023792563006281853,293
8248,0.00420541875064373,293
8249,0.028808020055294037,293
8250,0.26180291175842285,293
8251,0.059705376625061035,293
8252,0.01178996916860342,293
8253,-0.03844880312681198,293
8254,0.029203420504927635,293
8255,0.001042669638991356,293
8256,-0.0022436724975705147,293
8257,0.008386241272091866,293
8258,0.022660326212644577,293
8259,-0.020633915439248085,293
8260,0.033930033445358276,293
8261,0.04131809622049332,293
8262,0.012282035313546658,293
8263,-0.1659432351589203,293
8264,0.06839493662118912,293
8265,0.28885263204574585,293
8266,-0.07929632067680359,293
8267,-0.020534707233309746,293
8268,0.03175622597336769,293
8269,-0.03408060222864151,293
8270,-0.06585408747196198,293
8271,-0.0024589886888861656,293
8272,-0.0028296886011958122,293
8273,-0.0015155974542722106,293
8274,-0.06945257633924484,293
8275,-0.00956688728183508,293
8276,-0.007148428354412317,293
8277,0.038493137806653976,293
8278,-0.0065053850412368774,293
8279,0.0719098225235939,293
8280,-0.016206398606300354,293
8281,-0.1336841583251953,293
8282,-0.05015859007835388,293
8283,-0.1515323966741562,293
8284,0.3890496790409088,293
8285,0.08006365597248077,293
8286,-0.22204360365867615,293
8287,-0.008828705176711082,293
8288,-0.01133799273520708,293
8289,-0.14497993886470795,293
8290,-0.2145920693874359,293
8291,-0.1386599987745285,293
8292,-0.4557194709777832,293
8293,-0.0028787576593458652,293
8294,-0.03156892955303192,293
8295,-0.044823549687862396,293
8296,-0.0036914320662617683,293
8297,0.09799366444349289,293
8298,0.0010505825048312545,293
8299,0.39153796434402466,293
8300,0.025817284360527992,293
8301,-0.0026676934212446213,293
8302,-0.019468480721116066,293
8303,-0.03309761360287666,293
8304,0.17607611417770386,293
8305,0.005374173633754253,293
8306,0.1982811987400055,293
8307,-0.005536714568734169,293
8308,0.11583873629570007,293
8309,0.010934735648334026,293
8310,-0.03445405885577202,293
8311,0.04821445047855377,293
8312,-0.0010211615590378642,293
8313,-0.24856601655483246,293
8314,-0.02242838218808174,293
8315,-0.0017939587123692036,293
8316,0.16424375772476196,293
8317,0.0329781174659729,293
8318,-0.13493728637695312,293
8319,-0.07520090043544769,293
8320,0.019129518419504166,293
8321,-0.01732933521270752,293
8322,-0.06071677431464195,293
8323,-0.05354978144168854,293
8324,0.044390298426151276,293
8325,-0.03005988523364067,293
8326,-0.0444885678589344,293
8327,-0.32789772748947144,293
8328,-0.037921108305454254,293
8329,0.05973373353481293,293
8330,-0.005211109295487404,293
8331,0.04756038635969162,293
8332,-0.015517465770244598,293
8333,-0.040852513164281845,293
8334,-0.03699706122279167,293
8335,0.012575173750519753,293
8336,-0.02373802848160267,293
8337,-0.01639244332909584,293
8338,0.0784820020198822,293
8339,0.05006739869713783,293
8340,-0.3610827922821045,293
8341,-0.06103045493364334,293
8342,0.1774325966835022,293
8343,0.12453848123550415,293
8344,0.2287914752960205,293
8345,-0.05478692054748535,293
8346,-0.16018716990947723,293
8347,0.07420974969863892,293
8348,-0.026498105376958847,293
8349,-0.09154883772134781,293
8350,0.12247687578201294,293
8351,0.2995566129684448,293
8352,0.019501563161611557,293
8353,0.018427306786179543,293
8354,0.016864191740751266,293
8355,0.009663697332143784,293
8356,-0.008779087103903294,293
8357,0.005113964434713125,293
8358,-0.0007025348022580147,293
8359,0.0020147257018834352,293
8360,-0.007282503414899111,293
8361,0.04395449161529541,293
8362,-0.3174715042114258,293
8363,0.05075858533382416,293
8364,0.1250232309103012,293
8365,-0.005804345943033695,293
8366,-0.020496446639299393,293
8367,-0.04084494337439537,293
8368,0.005490228533744812,293
8369,0.0857895240187645,293
8370,0.04379395395517349,293
8371,0.023455481976270676,293
8372,0.23948799073696136,293
8373,-0.1250564157962799,293
8374,-0.07411927729845047,293
8375,0.05529408901929855,293
8376,0.027971694245934486,293
8377,-0.022992145270109177,293
8378,0.016685890033841133,293
8379,-0.019811298698186874,293
8380,-0.13052214682102203,293
8381,-0.024221595376729965,293
8382,-0.0034946869127452374,293
8383,-0.07584559172391891,293
8384,0.0037185512483119965,293
8385,-0.08304590731859207,293
8386,0.15409129858016968,293
8387,0.11339109390974045,293
8388,0.07914553582668304,293
8389,-0.14391449093818665,293
8390,0.002937758108600974,293
8391,-0.05599834769964218,293
8392,0.09636878967285156,293
8393,-0.011481758207082748,293
8394,0.03057621419429779,293
8395,-0.0015649106353521347,293
8396,0.02288273721933365,293
8397,0.2844362258911133,293
8398,-0.017366312444210052,293
8399,-0.05815504118800163,293
8400,0.2826632261276245,293
8401,-0.057921044528484344,293
8402,0.05740990489721298,293
8403,-0.02135203406214714,293
8404,0.002763845957815647,293
8405,-0.011560352519154549,293
8406,-0.206618070602417,293
8407,-0.34261101484298706,293
8408,-0.004915173631161451,293
8409,0.15916641056537628,293
8410,-0.015398995950818062,293
8411,-0.004739612340927124,293
8412,0.07867482304573059,293
8413,-0.1384044736623764,293
8414,0.16430827975273132,293
8415,0.27356502413749695,293
8416,0.08185474574565887,293
8417,0.0699988305568695,293
8418,-0.05479252338409424,293
8419,-3.0494178645312786e-05,293
8420,-0.005320743657648563,293
8421,-0.012109619565308094,293
8422,-0.022714275866746902,293
8423,0.04015886411070824,293
8424,-0.16042809188365936,293
8425,-0.03910083323717117,293
8426,-0.0288597010076046,293
8427,0.02203480154275894,293
8428,0.18045857548713684,293
8429,-0.006056854501366615,293
8430,0.12413129955530167,293
8431,-0.1335592269897461,293
8432,-0.018193166702985764,293
8433,-0.04569728672504425,293
8434,-0.010674092918634415,293
8435,0.11808191239833832,293
8436,-0.00015644833911210299,293
8437,-0.11352943629026413,293
8438,-0.02094203419983387,293
8439,0.11610081046819687,293
8440,-0.06361013650894165,293
8441,-0.015400080941617489,293
8442,0.054348304867744446,293
8443,-0.011372409760951996,293
8444,-0.004428353160619736,293
8445,0.18505601584911346,293
8446,-0.021740451455116272,293
8447,0.028926720842719078,293
8448,0.025528527796268463,293
8449,0.031503964215517044,293
8450,-0.01058683916926384,293
8451,-0.020782623440027237,293
8452,-0.0225062258541584,293
8453,-0.006459813565015793,293
8454,-0.06376107037067413,293
8455,0.006036827340722084,293
8456,-0.08956418931484222,293
8457,-0.03179297223687172,293
8458,-0.0030951187945902348,293
8459,0.03262320160865784,293
8460,0.030217625200748444,293
8461,-0.014791270717978477,293
8462,0.08114314824342728,293
8463,0.011804591864347458,293
8464,-0.1719321310520172,293
8465,-0.1320730596780777,293
8466,-0.11308805644512177,293
8467,-0.10286347568035126,293
8468,0.3282020092010498,293
8469,0.10347875952720642,293
8470,-0.37384191155433655,293
8471,0.06404972821474075,293
8472,-0.13871802389621735,293
8473,0.016609830781817436,293
8474,-0.17099010944366455,293
8475,0.1284881830215454,293
8476,-0.1127530038356781,293
8477,0.07254287600517273,293
8478,0.043936170637607574,293
8479,-0.035753753036260605,293
8480,0.013001065701246262,293
8481,0.005794219672679901,293
8482,-0.029964476823806763,293
8483,0.38797831535339355,293
8484,-0.16745707392692566,293
8485,0.05682990327477455,293
8486,-0.03655967861413956,293
8487,-0.03288169205188751,293
8488,0.012724926695227623,293
8489,-0.009172599762678146,293
8490,-0.025953302159905434,293
8491,0.12261652946472168,293
8492,-0.03985728695988655,293
8493,0.12572935223579407,293
8494,-0.05973412096500397,293
8495,0.04429526627063751,293
8496,-0.011779505759477615,293
8497,-0.001964861061424017,293
8498,-0.05410695821046829,293
8499,-0.03210581839084625,293
8500,-0.059030383825302124,293
8501,0.003182672895491123,293
8502,0.06102146953344345,293
8503,-0.04700988531112671,293
8504,0.007454954087734222,293
8505,-0.1448688507080078,293
8506,-0.03529888018965721,293
8507,0.0935528576374054,293
8508,-0.05563124269247055,293
8509,-0.01038389652967453,293
8510,0.0064078732393682,293
8511,0.06155255809426308,293
8512,-0.09046902507543564,293
8513,-0.024169938638806343,293
8514,-0.0035207560285925865,293
8515,0.005035851150751114,293
8516,-0.0008360701613128185,293
8517,0.0026157554239034653,293
8518,-0.028888843953609467,293
8519,0.03823813423514366,293
8520,0.02153138443827629,293
8521,-0.03512149304151535,293
8522,-0.2012956738471985,293
8523,-0.005725359544157982,293
8524,0.027506563812494278,293
8525,-0.02738741785287857,293
8526,-0.08615650236606598,293
8527,-0.08967876434326172,293
8528,0.13470406830310822,293
8529,0.02750503271818161,293
8530,-0.03402828425168991,293
8531,0.00016775703988969326,293
8532,-0.011227065697312355,293
8533,-0.00047837424790486693,293
8534,-0.0044145844876766205,293
8535,-0.03246750682592392,293
8536,0.15054145455360413,293
8537,0.16694101691246033,293
8538,-0.009376375004649162,293
8539,-0.19111034274101257,293
8540,-0.0011409991420805454,293
8541,-0.002837568521499634,293
8542,0.02593180350959301,293
8543,0.6991688013076782,293
8544,0.4908908009529114,293
8545,-0.0626799538731575,293
8546,-0.02199479565024376,293
8547,-0.003994806203991175,293
8548,0.0339365154504776,293
8549,-0.23950031399726868,293
8550,-0.12696869671344757,293
8551,-0.008428525179624557,293
8552,0.013248402625322342,293
8553,-0.005638668313622475,293
8554,-0.11003250628709793,293
8555,0.015507213771343231,293
8556,0.10880595445632935,293
8557,-0.008604172617197037,293
8558,-0.07319658994674683,293
8559,-0.1306065022945404,293
8560,0.20562754571437836,293
8561,-0.0011055865325033665,293
8562,-0.019204851239919662,293
8563,-0.0104401595890522,293
8564,0.008694617077708244,293
8565,-0.34436172246932983,293
8566,-0.04693169519305229,293
8567,0.025470241904258728,293
8568,0.07876388728618622,293
8569,0.0004244530573487282,293
8570,-0.0063782683573663235,293
8571,0.25116395950317383,293
8572,-0.006464806385338306,293
8573,0.09194633364677429,293
8574,0.04339990392327309,293
8575,0.08749593794345856,293
8576,-0.0981365218758583,293
8577,0.10481127351522446,293
8578,0.01853206753730774,293
8579,-0.007842297665774822,293
8580,0.16911561787128448,293
8581,0.1466318666934967,293
8582,-0.01390684675425291,293
8583,-0.01939805969595909,293
8584,-0.7479555010795593,293
8585,0.004556449130177498,293
8586,0.2576426863670349,293
8587,0.064369797706604,293
8588,0.4172739088535309,293
8589,0.1616867184638977,293
8590,-0.062173549085855484,293
8591,-0.053912628442049026,293
8592,0.022620761767029762,293
8593,-0.06088963523507118,293
8594,-0.0021604453213512897,293
8595,-0.24284562468528748,293
8596,0.1728312224149704,293
8597,0.18775306642055511,293
8598,0.049744509160518646,293
8599,-0.01171787828207016,293
8600,-0.0027043120935559273,293
8601,-0.3371613621711731,293
8602,-0.011284454725682735,293
8603,0.094309963285923,293
8604,-0.12098018825054169,293
8605,-0.02068028226494789,293
8606,-0.04213375598192215,293
8607,-0.01947687193751335,293
8608,0.06820302456617355,293
8609,-0.07117534428834915,293
8610,0.07896462827920914,293
8611,-0.021558191627264023,293
8612,0.15661711990833282,293
8613,0.49185410141944885,293
8614,-0.017454475164413452,293
8615,-0.28498899936676025,293
8616,-0.000707970408257097,293
8617,-0.055159635841846466,293
8618,-0.012770193628966808,293
8619,0.100167416036129,293
8620,-0.06073911860585213,293
8621,-0.01479203999042511,293
8622,-0.06134457141160965,293
8623,0.3160316050052643,293
8624,-0.0032938485965132713,293
8625,0.15687862038612366,293
8626,-0.20842842757701874,293
8627,0.010381065309047699,293
8628,-0.19822584092617035,293
8629,-0.01993793435394764,293
8630,-0.06600920855998993,293
8631,-0.00021328053844626993,293
8632,0.2671118974685669,293
8633,-0.006942766718566418,293
8634,-0.0018863128498196602,293
8635,0.04670735448598862,293
8636,-0.014454587362706661,293
8637,0.25675660371780396,293
8638,0.0918726846575737,293
8639,-0.06267303973436356,293
8640,0.08995041251182556,293
8641,-0.03150390833616257,293
8642,-0.01618013344705105,293
8643,-0.24413925409317017,293
8644,0.026982005685567856,293
8645,-0.0013908592518419027,293
8646,0.033626750111579895,293
8647,-0.11813224107027054,293
8648,-0.3182169497013092,293
8649,0.03920169919729233,293
8650,-0.0019166948040947318,293
8651,-0.019570402801036835,293
8652,-0.07850039005279541,293
8653,0.05772263556718826,293
8654,-0.0017051082104444504,293
8655,0.014880681410431862,293
8656,0.027499133720993996,293
8657,0.002884709043428302,293
8658,0.10619762539863586,293
8659,0.0199555903673172,293
8660,-0.0022074966691434383,293
8661,0.003581596538424492,293
8662,-0.0024425694718956947,293
8663,0.025100547820329666,293
8664,-0.3914462924003601,293
8665,0.0001572202891111374,293
8666,0.052872154861688614,293
8667,0.03726761043071747,293
8668,-0.13141828775405884,293
8669,0.04436125233769417,293
8670,0.0032262946479022503,293
8671,-0.030239425599575043,293
8672,-0.16758765280246735,293
8673,-0.007863529957830906,293
8674,-0.03385327011346817,293
8675,0.02015354111790657,293
8676,0.014714300632476807,293
8677,-0.025406625121831894,293
8678,0.2782552242279053,293
8679,0.05838876962661743,293
8680,0.041077520698308945,293
8681,-0.06929562985897064,293
8682,-0.21472914516925812,293
8683,-0.22124435007572174,293
8684,-0.012084404937922955,293
8685,0.0760163962841034,293
8686,0.020260632038116455,293
8687,-0.13909390568733215,293
8688,0.07477964460849762,293
8689,0.17785704135894775,293
8690,0.20146483182907104,293
8691,0.5585078001022339,293
8692,-0.016099220141768456,293
8693,0.016910649836063385,293
8694,0.0010825637727975845,293
8695,0.006002048030495644,293
8696,0.012979794293642044,293
8697,0.12180308997631073,293
8698,0.02225426584482193,293
8699,0.1048300489783287,293
8700,0.093252032995224,293
8701,-0.04388353228569031,293
8702,0.0033562490716576576,293
8703,-0.027143774554133415,293
8704,-0.12183300405740738,293
8705,0.08158779889345169,293
8706,0.03778344392776489,293
8707,-0.022816333919763565,293
8708,0.005864750128239393,293
8709,0.22495374083518982,293
8710,-0.023303374648094177,293
8711,0.008813479915261269,293
8712,-0.04401477798819542,293
8713,0.04913739860057831,293
8714,0.003175598569214344,293
8715,-0.014236647635698318,293
8716,-0.0038002070505172014,293
8717,-0.02772790938615799,293
8718,-0.03393097221851349,293
8719,0.003101855516433716,293
8720,-0.05715065449476242,293
8721,0.12468220293521881,293
8722,-0.04647333547472954,293
8723,-0.011505438946187496,293
8724,-0.15874457359313965,293
8725,-0.058619339019060135,293
8726,-0.045661307871341705,293
8727,-0.00711999274790287,293
8728,-0.05622384324669838,293
8729,0.004594574682414532,293
8730,-0.10656635463237762,293
8731,-0.014175216667354107,293
8732,-0.21817514300346375,293
8733,-0.009091616608202457,293
8734,0.009257365949451923,293
8735,0.021785400807857513,293
8736,-0.023004677146673203,293
8737,-0.009340573102235794,293
8738,0.0035970425233244896,293
8739,-0.05153239890933037,293
8740,-0.033489640802145004,293
8741,0.3146022856235504,293
8742,0.013070054352283478,293
8743,0.001408599317073822,293
8744,-0.025371430441737175,293
8745,-0.14217127859592438,293
8746,0.1708422303199768,293
8747,-0.007271661888808012,293
8748,-0.09223215281963348,293
8749,-0.04772764444351196,293
8750,-0.0013459528563544154,293
8751,-0.006075911223888397,293
8752,-0.006973183713853359,293
8753,0.005544714629650116,293
8754,-0.5927003026008606,293
8755,0.05266638472676277,293
8756,-0.07560895383358002,293
8757,0.0696457251906395,293
8758,-0.0015076114796102047,293
8759,0.06441716849803925,293
8760,-0.013691283762454987,293
8761,-0.0019976014737039804,293
8762,0.006332575809210539,293
8763,0.01880430430173874,293
8764,-0.5736614465713501,293
8765,0.04050695151090622,293
8766,-0.0967644602060318,293
8767,0.003341246396303177,293
8768,-0.18538427352905273,293
8769,-0.0014105462469160557,293
8770,-0.007085174322128296,293
8771,-0.00021253060549497604,293
8772,0.04950074106454849,293
8773,0.027783026918768883,293
8774,-0.01018579676747322,293
8775,-0.0015002274885773659,293
8776,-0.01574612408876419,293
8777,0.08526504784822464,293
8778,-0.1587175726890564,293
8779,-0.005987399257719517,293
8780,-0.0006744086858816445,293
8781,-0.0540832094848156,293
8782,-0.03740442916750908,293
8783,-0.009874239563941956,293
8784,-0.07171575725078583,293
8785,-0.005711354315280914,293
8786,-7.756543345749378e-05,293
8787,-0.04359956458210945,293
8788,-0.0007638413226231933,293
8789,0.049686968326568604,293
8790,-0.14352993667125702,293
8791,0.3707203269004822,293
8792,-0.018371103331446648,293
8793,0.039844781160354614,293
8794,-0.0049985903315246105,293
8795,0.008883342146873474,293
8796,-0.11033305525779724,293
8797,-0.01839607022702694,293
8798,0.0014770273119211197,293
8799,-0.0246052835136652,293
8800,0.042303506284952164,293
8801,0.014943432062864304,293
8802,0.09193047136068344,293
8803,0.20505206286907196,293
8804,0.13598784804344177,293
8805,-0.016161944717168808,293
8806,-0.003766459645703435,293
8807,0.002156808041036129,293
8808,0.08278753608465195,293
8809,-0.14606425166130066,293
8810,-0.02320326678454876,293
8811,0.0068384334444999695,293
8812,-0.21734535694122314,293
8813,0.11845090240240097,293
8814,-0.008143596351146698,293
8815,0.04942041635513306,293
8816,0.021286936476826668,293
8817,-0.00021535255655180663,293
8818,-0.1413809359073639,293
8819,-0.022785179316997528,293
8820,-0.025515716522932053,293
8821,-0.036299727857112885,293
8822,-0.0516032874584198,293
8823,-0.10771398991346359,293
8824,-0.019261563196778297,293
8825,-0.09259362518787384,293
8826,-0.03896942734718323,293
8827,0.07750197499990463,293
8828,-0.42193061113357544,293
8829,0.12802597880363464,293
8830,-0.024163631722331047,293
8831,-0.00320450565777719,293
8832,-0.017136046662926674,293
8833,0.7397395372390747,293
8834,-0.0027103498578071594,293
8835,0.13058754801750183,293
8836,-0.014556655660271645,293
8837,0.02899358421564102,293
8838,-0.034142471849918365,293
8839,0.027370665222406387,293
8840,0.0766095519065857,293
8841,0.003689263481646776,293
8842,0.023835910484194756,293
8843,-0.01673472486436367,293
8844,-0.014521924778819084,293
8845,0.07565945386886597,293
8846,-0.004102448001503944,293
8847,-0.1525098979473114,293
8848,-0.013125481083989143,293
8849,-0.14639243483543396,293
8850,0.025648947805166245,293
8851,-0.0033579908777028322,293
8852,-0.0007273546070791781,293
8853,-0.061383429914712906,293
8854,0.00989474169909954,293
8855,0.10474881529808044,293
8856,-0.003987934440374374,293
8857,-0.033131636679172516,293
8858,0.20472994446754456,293
8859,-0.041885703802108765,293
8860,0.5240976214408875,293
8861,-0.05943671613931656,293
8862,0.10534220933914185,293
8863,0.04147898033261299,293
8864,-0.1321115344762802,293
8865,-0.05991698056459427,293
8866,0.15293173491954803,293
8867,-0.0007153981714509428,293
8868,0.004854894243180752,293
8869,-0.00661216676235199,293
8870,-0.0031105116941034794,293
8871,0.051459114998579025,293
8872,-0.00034097209572792053,293
8873,-0.019366340711712837,293
8874,-0.04783215373754501,293
8875,0.014966672286391258,293
8876,-0.008294148370623589,293
8877,-0.03750429302453995,293
8878,-0.022738471627235413,293
8879,-0.0689665898680687,293
8880,0.038415003567934036,293
8881,0.026326041668653488,293
8882,-0.09458856284618378,293
8883,0.17651431262493134,293
8884,-0.012018068693578243,293
8885,0.08855240046977997,293
8886,-0.06428791582584381,293
8887,-0.022920263931155205,293
8888,-0.003858563955873251,293
8889,-0.006062585394829512,293
8890,-0.038036901503801346,293
8891,-2.809939906001091e-05,293
8892,-0.04458415508270264,293
8893,0.14384725689888,293
8894,0.044288426637649536,293
8895,0.1565665453672409,293
8896,-0.009149227291345596,293
8897,-0.0022411393001675606,293
8898,-0.06432744860649109,293
8899,-0.004075394943356514,293
8900,0.09757432341575623,293
8901,-0.0030631269328296185,293
8902,-0.00036727479891851544,293
8903,0.07386134564876556,293
8904,0.006599350832402706,293
8905,0.1538073569536209,293
8906,0.0026115928776562214,293
8907,-0.0004285825998522341,293
8908,0.06852133572101593,293
8909,-0.005387687124311924,293
8910,-0.0018371341284364462,293
8911,-0.0019292300567030907,293
8912,-0.00289987213909626,293
8913,-0.004755554720759392,293
8914,-0.13428346812725067,293
8915,0.04265794903039932,293
8916,0.10125478357076645,293
8917,-0.08952099829912186,293
8918,0.038874898105859756,293
8919,0.11437854170799255,293
8920,-0.006824878975749016,293
8921,-0.17872551083564758,293
8922,-0.011978693306446075,293
8923,-0.020170889794826508,293
8924,-0.0639946386218071,293
8925,0.10881310701370239,293
8926,0.43894001841545105,293
8927,0.003921018913388252,293
8928,-0.0017362423241138458,293
8929,0.004162986762821674,293
8930,-0.14707204699516296,293
8931,-0.0045220013707876205,293
8932,0.26831504702568054,293
8933,0.028165362775325775,293
8934,0.24336731433868408,293
8935,0.0020417936611920595,293
8936,-0.06406742334365845,293
8937,-0.09432361274957657,293
8938,-0.5544288754463196,293
8939,-0.03489106521010399,293
8940,-0.015127498656511307,293
8941,-0.025250127539038658,293
8942,-0.011079389601945877,293
8943,-0.001168066868558526,293
8944,-0.06091514974832535,293
8945,0.10929463058710098,293
8946,-0.024955224245786667,293
8947,-0.01319795846939087,293
8948,0.0503673180937767,293
8949,0.08377379179000854,293
8950,0.03609029948711395,293
8951,0.07016263157129288,293
8952,0.03412158042192459,293
8953,0.367501437664032,293
8954,0.10818672180175781,293
8955,0.04970264434814453,293
8956,-0.03810469061136246,293
8957,0.00017228326760232449,293
8958,-0.12233784049749374,293
8959,0.3179776668548584,293
8960,-0.03383921831846237,293
8961,0.0919230580329895,293
8962,0.027622029185295105,293
8963,0.12281174212694168,293
8964,0.0752440094947815,293
8965,0.022366780787706375,293
8966,-0.00468461075797677,293
8967,-0.1976763904094696,293
8968,-0.0008444017730653286,293
8969,-0.07427982985973358,293
8970,0.08418891578912735,293
8971,-0.020474206656217575,293
8972,-0.033601753413677216,293
8973,-0.000559527485165745,293
8974,0.060245200991630554,293
8975,-0.065084308385849,293
8976,0.07203800231218338,293
8977,0.031865157186985016,293
8978,-0.350280225276947,293
8979,0.09161574393510818,293
8980,-0.1831205189228058,293
8981,0.09493565559387207,293
8982,-0.0002501251292414963,293
8983,0.13152115046977997,293
8984,0.08539022505283356,293
8985,0.040353693068027496,293
8986,-0.03967798501253128,293
8987,0.01599123142659664,293
8988,-0.003320334479212761,293
8989,-0.0034609995782375336,293
8990,0.0005680146859958768,293
8991,-0.019873563200235367,293
8992,0.024025678634643555,293
8993,-0.011340349912643433,293
8994,-0.008472606539726257,293
8995,-0.19957631826400757,293
8996,0.04762928932905197,293
8997,-0.06747658550739288,293
8998,0.010426667518913746,293
8999,-0.0194746982306242,293
9000,-0.0019509873818606138,293
9001,-0.14377745985984802,293
9002,0.015699276700615883,293
9003,0.023512817919254303,293
9004,0.2746623456478119,293
9005,-0.018162071704864502,293
9006,0.03794090822339058,293
9007,-0.003199852304533124,293
9008,0.056177377700805664,293
9009,0.05519987270236015,293
9010,-0.398284912109375,293
9011,0.030700527131557465,293
9012,0.08739561587572098,293
9013,-0.0612822026014328,293
9014,-0.09937502443790436,293
9015,0.08661942183971405,293
9016,-0.024686943739652634,293
9017,-0.3987700939178467,293
9018,0.10875507444143295,293
9019,0.06604515016078949,293
9020,-0.05641699954867363,293
9021,0.008704790845513344,293
9022,-0.009686820209026337,293
9023,-0.023210803046822548,293
9024,-0.0797283798456192,293
9025,-0.004861477296799421,293
9026,-0.2864363193511963,293
9027,0.03357141092419624,293
9028,0.30096423625946045,293
9029,-0.119369275867939,293
9030,-0.1073279082775116,293
9031,-0.02278904803097248,293
9032,-0.196080282330513,293
9033,0.03352433815598488,293
9034,0.055141203105449677,293
9035,0.162324920296669,293
9036,0.09145377576351166,293
9037,0.11678724735975266,293
9038,0.08581499755382538,293
9039,0.008040509186685085,293
9040,0.008186007849872112,293
9041,-0.1290549635887146,293
9042,0.025758568197488785,293
9043,-0.009808525443077087,293
9044,-0.051135655492544174,293
9045,-0.1403890699148178,293
9046,0.02135162055492401,293
9047,0.061048537492752075,293
9048,0.016116751357913017,293
9049,-0.09454010426998138,293
9050,-0.4662391245365143,293
9051,0.02238485775887966,293
9052,0.06244824081659317,293
9053,-0.1042446568608284,293
9054,-0.412232369184494,293
9055,-0.0865468978881836,293
9056,0.0837506502866745,293
9057,-0.004981487989425659,293
9058,-0.006923574022948742,293
9059,-0.03378953039646149,293
9060,0.003907731734216213,293
9061,-0.004278862848877907,293
9062,0.1474882960319519,293
9063,-0.1974751502275467,293
9064,0.03758517652750015,293
9065,-0.013600165024399757,293
9066,0.0010421277256682515,293
9067,-0.014169960282742977,293
9068,-0.19117575883865356,293
9069,-0.03149230778217316,293
9070,-0.021820496767759323,293
9071,0.05990416556596756,293
9072,0.8092204332351685,293
9073,0.051381416618824005,293
9074,-0.049036115407943726,293
9075,0.08186398446559906,293
9076,0.04081732779741287,293
9077,0.006886165589094162,293
9078,-0.05207419767975807,293
9079,0.00877431221306324,293
9080,-0.17771252989768982,293
9081,-0.4408038258552551,293
9082,0.03821651637554169,293
9083,-0.0008967392495833337,293
9084,-0.15209168195724487,293
9085,0.10721918940544128,293
9086,0.025530662387609482,293
9087,0.07627832144498825,293
9088,-0.006592900492250919,293
9089,0.02718779817223549,293
9090,-0.012325501069426537,293
9091,0.03333810716867447,293
9092,-0.0022057387977838516,293
9093,0.01568404585123062,293
9094,0.09235823154449463,293
9095,-0.026336390525102615,293
9096,0.04048348218202591,293
9097,-0.020324841141700745,293
9098,0.01702813431620598,293
9099,0.04384664446115494,293
9100,-0.0034070899710059166,293
9101,0.042784299701452255,293
9102,-0.002719774842262268,293
9103,-0.015106242150068283,293
9104,0.14577074348926544,293
9105,0.09380456805229187,293
9106,-0.17344845831394196,293
9107,-0.27842119336128235,293
9108,-0.013652817346155643,293
9109,-0.033236078917980194,293
9110,0.04987349361181259,293
9111,-0.02120555192232132,293
9112,0.012259694747626781,293
9113,0.03330834582448006,293
9114,-0.027027668431401253,293
9115,0.008017321117222309,293
9116,0.03323737531900406,293
9117,-0.3914392590522766,293
9118,-0.0672302320599556,293
9119,-0.09636562317609787,293
9120,0.02861982211470604,293
9121,0.004380757920444012,293
9122,-0.0022251771297305822,293
9123,-0.15268823504447937,293
9124,-0.020575758069753647,293
9125,0.10643845051527023,293
9126,-0.21880993247032166,293
9127,0.016507960855960846,293
9128,-0.030032886192202568,293
9129,0.06478487700223923,293
9130,-0.0025405134074389935,293
9131,-0.06723669171333313,293
9132,0.09198671579360962,293
9133,0.16304852068424225,293
9134,-0.01993119716644287,293
9135,-0.048217158764600754,293
9136,0.04977551847696304,293
9137,-0.07687726616859436,293
9138,-0.0007428373210132122,293
9139,0.006130189634859562,293
9140,0.4389837980270386,293
9141,0.4289645254611969,293
9142,-0.008899840526282787,293
9143,-0.021809211000800133,293
9144,-0.023336725309491158,293
9145,0.12255708873271942,293
9146,0.022700801491737366,293
9147,-0.04306519776582718,293
9148,-0.05794629082083702,293
9149,-0.011299693025648594,293
9150,0.024892229586839676,293
9151,-0.11646734923124313,293
9152,-0.5000591278076172,293
9153,0.02267199009656906,293
9154,-0.01587873324751854,293
9155,-0.036424338817596436,293
9156,-0.006782807409763336,293
9157,0.09437958896160126,293
9158,-0.021706020459532738,293
9159,-0.02965044602751732,293
9160,-0.012012234888970852,293
9161,-0.016343742609024048,293
9162,-0.020308423787355423,293
9163,0.2093578726053238,293
9164,0.001360493479296565,293
9165,0.0361456535756588,293
9166,-0.045002344995737076,293
9167,-0.11595045775175095,293
9168,-0.040845297276973724,293
9169,0.024432679638266563,293
9170,0.06951545178890228,293
9171,-0.08819081634283066,293
9172,-0.03018137812614441,293
9173,-0.0007304585888050497,293
9174,0.10635113716125488,293
9175,0.019580071792006493,293
9176,0.665156364440918,293
9177,-0.03882546350359917,293
9178,-0.017075952142477036,293
9179,-0.011612948030233383,293
9180,0.039922747761011124,293
9181,0.35767143964767456,293
9182,-0.10758845508098602,293
9183,0.07202073931694031,293
9184,0.003789949230849743,293
9185,-0.022408895194530487,293
9186,0.3735656142234802,293
9187,0.0200036633759737,293
9188,0.034368280321359634,293
9189,0.046202149242162704,293
9190,0.015377427451312542,293
9191,0.09619344025850296,293
9192,0.04064314067363739,293
9193,0.004769998602569103,293
9194,0.20759722590446472,293
9195,-0.004456831142306328,293
9196,0.008069807663559914,293
9197,-0.004424172919243574,293
9198,0.2081906944513321,293
9199,0.026458779349923134,293
9200,-0.003801543964073062,293
9201,0.009655125439167023,293
9202,0.016139259561896324,293
9203,-0.04648137837648392,293
9204,-0.09084790199995041,293
9205,-0.00785849243402481,293
9206,-0.29155609011650085,293
9207,-0.011110260151326656,293
9208,0.333469420671463,293
9209,0.0006719428347423673,293
9210,0.01861852966248989,293
9211,0.00017894488701131195,293
9212,-0.008162437006831169,293
9213,-0.05624350160360336,293
9214,0.045589104294776917,293
9215,-0.031882014125585556,293
9216,-0.0016154850600287318,293
9217,0.025278737768530846,293
9218,-0.0003535528667271137,293
9219,-0.013589099980890751,293
9220,0.004395312629640102,293
9221,-0.027271460741758347,293
9222,-0.12227682769298553,293
9223,-0.003178791143000126,293
9224,-0.6866621375083923,293
9225,-0.06372778862714767,293
9226,-0.06402621418237686,293
9227,-0.0890931487083435,293
9228,0.23004093766212463,293
9229,0.18673421442508698,293
9230,0.030547577887773514,293
9231,0.005485218949615955,293
9232,-0.0005186498165130615,293
9233,-0.020447570830583572,293
9234,-0.0055860308930277824,293
9235,-0.017124053090810776,293
9236,0.026427460834383965,293
9237,-0.16786906123161316,293
9238,-0.0007047668914310634,293
9239,0.007222634740173817,293
9240,0.026295267045497894,293
9241,-0.2733837962150574,293
9242,0.07281273603439331,293
9243,0.004821911454200745,293
9244,0.006817903369665146,293
9245,-0.01242845319211483,293
9246,-0.05775661766529083,293
9247,0.05482799559831619,293
9248,-0.08992090076208115,293
9249,0.03985443338751793,293
9250,-0.005033047869801521,293
9251,-0.02608753927052021,293
9252,-0.007383430376648903,293
9253,-0.05669960379600525,293
9254,-0.24180224537849426,293
9255,0.021592335775494576,293
9256,-0.024051817134022713,293
9257,-0.008307579904794693,293
9258,0.07628875225782394,293
9259,0.026880716904997826,293
9260,0.0036615030840039253,293
9261,0.006428750231862068,293
9262,0.15540774166584015,293
9263,-0.003401800524443388,293
9264,-0.008439471945166588,293
9265,-0.1639750748872757,293
9266,0.022050494328141212,293
9267,-0.04477011039853096,293
9268,-0.02804996445775032,293
9269,0.001110263168811798,293
9270,-0.0015098706353455782,293
9271,0.020860441029071808,293
9272,-0.14990341663360596,293
9273,0.031566061079502106,293
9274,0.0089620565995574,293
9275,-0.048896051943302155,293
9276,0.10791425406932831,293
9277,-0.003771643154323101,293
9278,0.1193336546421051,293
9279,0.24344420433044434,293
9280,-0.05129126459360123,293
9281,0.026217252016067505,293
9282,-0.03422453999519348,293
9283,-0.0734035074710846,293
9284,-0.005953812971711159,293
9285,0.020598409697413445,293
9286,-0.14844685792922974,293
9287,-0.003756958758458495,293
9288,-0.002405335661023855,293
9289,0.2278481423854828,293
9290,-0.12635156512260437,293
9291,-0.152612566947937,293
9292,-0.07580353319644928,293
9293,0.004228419624269009,293
9294,-0.06022042781114578,293
9295,0.011991055682301521,293
9296,-0.003321931231766939,293
9297,0.017427068203687668,293
9298,0.06254968047142029,293
9299,-0.014822212979197502,293
9300,-0.024484701454639435,293
9301,-0.013032863847911358,293
9302,-0.0060858698561787605,293
9303,0.04433319717645645,293
9304,0.11745370179414749,293
9305,-0.07768602669239044,293
9306,-0.022185955196619034,293
9307,-0.21019069850444794,293
9308,0.17727163434028625,293
9309,0.5119383931159973,293
9310,-0.06819828599691391,293
9311,-0.015337634831666946,293
9312,-0.026348723098635674,293
9313,-0.047492850571870804,293
9314,-0.08272404968738556,293
9315,0.10299953073263168,293
9316,-0.07946561276912689,293
9317,-0.02220764011144638,293
9318,-0.08339887857437134,293
9319,0.013462460599839687,293
9320,-0.11845594644546509,293
9321,0.06477029621601105,293
9322,-0.46109655499458313,293
9323,0.6716708540916443,293
9324,-0.008853694424033165,293
9325,-0.05348223075270653,293
9326,-0.08112812042236328,293
9327,0.014474006369709969,293
9328,-0.054560914635658264,293
9329,0.0031941086053848267,293
9330,-0.06731823086738586,293
9331,-0.0010403222404420376,293
9332,0.019119374454021454,293
9333,0.015770593658089638,293
9334,-0.0021179646719247103,293
9335,-0.029895899817347527,293
9336,0.18677712976932526,293
9337,-0.3353366255760193,293
9338,0.038453929126262665,293
9339,-0.04683539271354675,293
9340,0.020656732842326164,293
9341,-0.10622958838939667,293
9342,0.06643441319465637,293
9343,0.0012231096625328064,293
9344,0.15494605898857117,293
9345,0.02838960289955139,293
9346,-0.008874434977769852,293
9347,-0.023557422682642937,293
9348,-0.006752140820026398,293
9349,-0.0027897984255105257,293
9350,0.07514017075300217,293
9351,0.03649509325623512,293
9352,-0.0010974989272654057,293
9353,0.04642258584499359,293
9354,0.30134135484695435,293
9355,0.004286596551537514,293
9356,-0.0028495187871158123,293
9357,0.06818029284477234,293
9358,0.004882514476776123,293
9359,-0.13655823469161987,293
9360,-0.017623933032155037,293
9361,-0.048909205943346024,293
9362,-0.0005702776834368706,293
9363,0.11188092827796936,293
9364,-0.22844024002552032,293
9365,-0.0022348836064338684,293
9366,-0.04593399167060852,293
9367,-0.0016708134207874537,293
9368,0.040275510400533676,293
9369,0.10534635186195374,293
9370,-0.0907776802778244,293
9371,-0.009617114439606667,293
9372,0.05235401540994644,293
9373,-0.006778533570468426,293
9374,0.09439615160226822,293
9375,-0.0010823444463312626,293
9376,-0.0007209125906229019,293
9377,-0.017090391367673874,293
9378,-0.0014003808610141277,293
9379,0.1583523154258728,293
9380,0.08100186288356781,293
9381,0.025446424260735512,293
9382,0.08857879787683487,293
9383,0.198015034198761,293
9384,0.03307558596134186,293
9385,-0.08596058189868927,293
9386,0.002063320018351078,293
9387,0.12845221161842346,293
9388,-0.19788368046283722,293
9389,-0.0398515984416008,293
9390,-0.04012991487979889,293
9391,-0.12183907628059387,293
9392,-0.021970348432660103,293
9393,-0.09792408347129822,293
9394,0.002354116179049015,293
9395,-0.0011440685484558344,293
9396,0.0016581756062805653,293
9397,0.08558856695890427,293
9398,0.01493104174733162,293
9399,0.24409238994121552,293
9400,-0.014583603478968143,293
9401,-0.024555306881666183,293
9402,-0.01884898543357849,293
9403,0.21085360646247864,293
9404,-0.005095158703625202,293
9405,-0.1165730208158493,293
9406,-0.0007582401158288121,293
9407,-0.07209604978561401,293
9408,0.1860933154821396,293
9409,-0.0004027108661830425,293
9410,-0.019528988748788834,293
9411,-0.00556989386677742,293
9412,0.032782357186079025,293
9413,0.04615521803498268,293
9414,-0.30327099561691284,293
9415,-0.1079745888710022,293
9416,-0.04173067584633827,293
9417,-0.041197773069143295,293
9418,0.010830037295818329,293
9419,0.045457251369953156,293
9420,0.14022956788539886,293
9421,-0.03433932736515999,293
9422,0.04097285866737366,293
9423,0.0904885083436966,293
9424,-0.0066598886623978615,293
9425,-0.20611031353473663,293
9426,0.04511641710996628,293
9427,-0.0015430795028805733,293
9428,-0.0071286302991211414,293
9429,0.03224502131342888,293
9430,-0.017086807638406754,293
9431,-0.02427774667739868,293
9432,0.062148332595825195,293
9433,0.035939689725637436,293
9434,-0.05591842532157898,293
9435,0.013933414593338966,293
9436,-0.0543588325381279,293
9437,-0.1225375086069107,293
9438,0.0017005588160827756,293
9439,-0.018141116946935654,293
9440,-0.0054705701768398285,293
9441,0.06712442636489868,293
9442,0.14093805849552155,293
9443,0.0963633805513382,293
9444,-0.009444762021303177,293
9445,0.017553983256220818,293
9446,-0.22683344781398773,293
9447,-0.0021123471669852734,293
9448,-0.011067958548665047,293
9449,-0.011800953187048435,293
9450,0.07637961208820343,293
9451,-0.07904824614524841,293
9452,-0.026266492903232574,293
9453,0.01530664786696434,293
9454,0.18614515662193298,293
9455,0.11428084969520569,293
9456,-0.011375668458640575,293
9457,0.1592707484960556,293
9458,0.04692479223012924,293
9459,0.2173174023628235,293
9460,0.10852988064289093,293
9461,0.12944528460502625,293
9462,0.03439414128661156,293
9463,-0.00699273869395256,293
9464,0.007452540099620819,293
9465,0.013015015050768852,293
9466,-0.3245123326778412,293
9467,0.01476922444999218,293
9468,0.07151089608669281,293
9469,0.038749922066926956,293
9470,-0.002879780251532793,293
9471,-0.012495609000325203,293
9472,0.002794508822262287,293
9473,-0.016769666224718094,293
9474,0.03667336702346802,293
9475,-0.0009162156493403018,293
9476,-0.5215905904769897,293
9477,-0.02546555921435356,293
9478,-0.0030159051530063152,293
9479,0.05001425743103027,293
9480,0.0361555740237236,293
9481,0.052809491753578186,293
9482,-0.06184893846511841,293
9483,-0.11356306821107864,293
9484,-0.011130772531032562,293
9485,-0.025538871064782143,293
9486,-0.36992740631103516,293
9487,0.0826263502240181,293
9488,0.046878986060619354,293
9489,-0.1398315727710724,293
9490,-0.00053085305262357,293
9491,-0.020581629127264023,293
9492,0.0978083461523056,293
9493,0.002090832218527794,293
9494,-0.0008837049826979637,293
9495,-0.13754507899284363,293
9496,-0.10622959583997726,293
9497,0.01979563944041729,293
9498,0.20242999494075775,293
9499,0.031539883464574814,293
9500,-0.01775657758116722,293
9501,0.0052384184673428535,293
9502,0.014541780576109886,293
9503,-0.009323745965957642,293
9504,0.030973834916949272,293
9505,-0.15687035024166107,293
9506,0.05850904807448387,293
9507,-0.03091038390994072,293
9508,0.300190269947052,293
9509,0.01789618283510208,293
9510,-0.013091478496789932,293
9511,0.13338527083396912,293
9512,0.4095498323440552,293
9513,0.4027737081050873,293
9514,-0.06749026477336884,293
9515,-0.0453355610370636,293
9516,-0.013669600710272789,293
9517,-0.049734391272068024,293
9518,0.009097316302359104,293
9519,-0.425484299659729,293
9520,-0.1869097799062729,293
9521,0.2564505338668823,293
9522,0.13163712620735168,293
9523,0.4648955464363098,293
9524,0.22390693426132202,293
9525,0.010383118875324726,293
9526,0.03824903815984726,293
9527,0.1411820352077484,293
9528,-0.3080393671989441,293
9529,0.22210678458213806,293
9530,0.054028406739234924,293
9531,-0.004540452733635902,293
9532,-0.04795616865158081,293
9533,-0.02422422543168068,293
9534,0.0161436777561903,293
9535,0.01957240141928196,293
9536,-0.019001763314008713,293
9537,0.0004091253213118762,293
9538,0.011901294812560081,293
9539,0.04164182394742966,293
9540,0.09070514887571335,293
9541,-0.0012644031085073948,293
9542,0.1349545419216156,293
9543,0.24358490109443665,293
9544,-0.014435138553380966,293
9545,0.012310715392231941,293
9546,-0.0007157130166888237,293
9547,0.03273267671465874,293
9548,-0.002137633040547371,293
9549,-0.005735531449317932,293
9550,-0.01640460081398487,293
9551,0.0009262952953577042,293
9552,-0.022512435913085938,293
9553,-0.1430356502532959,293
9554,0.06208286061882973,293
9555,0.025343772023916245,293
9556,-0.0015749046579003334,293
9557,0.045708395540714264,293
9558,0.01388619840145111,293
9559,-0.23908114433288574,293
9560,-0.011425036936998367,293
9561,0.038216687738895416,293
9562,-0.0013974772300571203,293
9563,-0.03938079997897148,293
9564,0.03979464992880821,293
9565,0.004719557240605354,293
9566,-0.005121748428791761,293
9567,0.015889961272478104,293
9568,0.05539542809128761,293
9569,0.021924398839473724,293
9570,-0.08486871421337128,293
9571,-0.046444423496723175,293
9572,-0.20808887481689453,293
9573,0.026793289929628372,293
9574,0.08290181308984756,293
9575,0.07798846811056137,293
9576,-0.0693892389535904,293
9577,8.870894089341164e-05,293
9578,-0.0007686157478019595,293
9579,-0.05553239583969116,293
9580,-0.018213000148534775,293
9581,-0.06894305348396301,293
9582,-0.05609776824712753,293
9583,-0.5377627611160278,293
9584,-0.18217377364635468,293
9585,0.003676844295114279,293
9586,-0.2128724306821823,293
9587,-0.0012476001866161823,293
9588,-0.001340644434094429,293
9589,0.002283475361764431,293
9590,-0.009214303456246853,293
9591,0.01127240527421236,293
9592,0.032090649008750916,293
9593,-0.02917098067700863,293
9594,0.05634807050228119,293
9595,0.09832237660884857,293
9596,0.07550898939371109,293
9597,-0.1897018700838089,293
9598,0.36079153418540955,293
9599,0.03970271721482277,293
9600,0.11341466009616852,293
9601,0.12738394737243652,293
9602,0.13363751769065857,293
9603,-0.22458428144454956,293
9604,-0.11701562255620956,293
9605,0.027931837365031242,293
9606,0.06164610758423805,293
9607,0.27182501554489136,293
9608,-0.005652822554111481,293
9609,-0.0045335120521485806,293
9610,0.16593116521835327,293
9611,0.2800869345664978,293
9612,-0.07524590939283371,293
9613,-0.3695192039012909,293
9614,0.18767380714416504,293
9615,0.18968379497528076,293
9616,-0.044252973049879074,293
9617,-0.19991901516914368,293
9618,-0.019828129559755325,293
9619,0.032520841807127,293
9620,-0.022613823413848877,293
9621,-0.06444693356752396,293
9622,0.01280897855758667,293
9623,-0.14434896409511566,293
9624,0.020420346409082413,293
9625,0.003628173377364874,293
9626,-0.04889937490224838,293
9627,-0.012749451212584972,293
9628,0.04642584174871445,293
9629,-0.016023973003029823,293
9630,0.12608125805854797,293
9631,0.0623956173658371,293
9632,0.07990722358226776,293
9633,0.0019641127437353134,293
9634,-0.03724589943885803,293
9635,-0.1721276044845581,293
9636,-0.04385947436094284,293
9637,-0.009224464185535908,293
9638,0.03578556329011917,293
9639,-0.013207566924393177,293
9640,0.03889814764261246,293
9641,-0.061349619179964066,293
9642,0.04978109151124954,293
9643,-0.02002132497727871,293
9644,-0.0003376988461241126,293
9645,-0.007597511634230614,293
9646,-0.24792082607746124,293
9647,0.02099044807255268,293
9648,-0.008251607418060303,293
9649,0.0359203964471817,293
9650,0.0025763956364244223,293
9651,0.3440006375312805,293
9652,-0.01404491811990738,293
9653,0.01414905209094286,293
9654,-0.015291145071387291,293
9655,-0.015644382685422897,293
9656,0.006555834319442511,293
9657,-0.0248709749430418,293
9658,0.12018806487321854,293
9659,-0.38115063309669495,293
9660,0.02309519797563553,293
9661,0.068377286195755,293
9662,-0.00968177616596222,293
9663,-0.011069394648075104,293
9664,-0.007983896881341934,293
9665,-0.02995985373854637,293
9666,0.012486938387155533,293
9667,-0.06892022490501404,293
9668,0.24362950026988983,293
9669,-0.10017138719558716,293
9670,-0.022390693426132202,293
9671,0.02467634156346321,293
9672,0.0019092985894531012,293
9673,0.06190715730190277,293
9674,0.1557905077934265,293
9675,0.011890234425663948,293
9676,-0.4710395336151123,293
9677,0.19809703528881073,293
9678,0.001400768756866455,293
9679,-0.07671403884887695,293
9680,-0.056606125086545944,293
9681,0.002493232488632202,293
9682,0.02171950787305832,293
9683,0.0155548807233572,293
9684,0.004450166132301092,293
9685,0.09569067507982254,293
9686,0.016117986291646957,293
9687,0.05208303779363632,293
9688,-0.08515618741512299,293
9689,-0.01881326735019684,293
9690,0.0002953102230094373,293
9691,0.07322341203689575,293
9692,0.0020403177477419376,293
9693,0.1099681630730629,293
9694,-0.048214301466941833,293
9695,-0.37327301502227783,293
9696,0.00636338023468852,293
9697,-0.10143634676933289,293
9698,0.5711014270782471,293
9699,-0.3242594003677368,293
9700,-0.038109730929136276,293
9701,0.057526107877492905,293
9702,0.03711295500397682,293
9703,-0.03986242786049843,293
9704,-0.03912389278411865,293
9705,0.045433465391397476,293
9706,-0.0373653918504715,293
9707,-0.3009495139122009,293
9708,0.00013869628310203552,293
9709,-0.09814147651195526,293
9710,0.008985080756247044,293
9711,0.1917182207107544,293
9712,-0.005028227809816599,293
9713,-0.20501521229743958,293
9714,0.026679979637265205,293
9715,0.03283737972378731,293
9716,0.023702016100287437,293
9717,-0.003296511247754097,293
9718,-0.11718744039535522,293
9719,-0.12028626352548599,293
9720,-0.0772230252623558,293
9721,0.011756502091884613,293
9722,-0.025479886680841446,293
9723,0.015031881630420685,293
9724,0.001746342983096838,293
9725,-0.073940210044384,293
9726,-0.23284925520420074,293
9727,0.027084171772003174,293
9728,-0.05450109392404556,293
9729,0.11187705397605896,293
9730,-0.12789681553840637,293
9731,-0.012546328827738762,293
9732,0.1067534014582634,293
9733,0.010763745754957199,293
9734,-0.10365507006645203,293
9735,-0.00940339919179678,293
9736,0.04372097924351692,293
9737,0.0414070188999176,293
9738,-0.13566386699676514,293
9739,-0.037620801478624344,293
9740,-0.0002316142199561,293
9741,-0.049199774861335754,293
9742,0.0822758749127388,293
9743,0.15937016904354095,293
9744,-0.18212652206420898,293
9745,0.08688607811927795,293
9746,-0.005739941261708736,293
9747,0.029698684811592102,293
9748,-0.09546288102865219,293
9749,-0.02015112340450287,293
9750,-0.009303327649831772,293
9751,0.1603785753250122,293
9752,-0.0642307847738266,293
9753,0.00544222816824913,293
9754,0.19139215350151062,293
9755,0.003546005580574274,293
9756,-0.019696347415447235,293
9757,-0.01558055728673935,293
9758,0.06401709467172623,293
9759,-0.02123546414077282,293
9760,0.06900252401828766,293
9761,0.4842168092727661,293
9762,0.026899762451648712,293
9763,0.2295723557472229,293
9764,0.07532580196857452,293
9765,0.06786216050386429,293
9766,0.017128050327301025,293
9767,-0.12506689131259918,293
9768,0.06656002253293991,293
9769,0.1343529224395752,293
9770,0.03214442729949951,293
9771,-0.008642087690532207,293
9772,0.04282982647418976,293
9773,0.011985325254499912,293
9774,-0.16241762042045593,293
9775,-0.12976336479187012,293
9776,-0.001692117191851139,293
9777,-0.0765661746263504,293
9778,-0.06157716363668442,293
9779,0.07160691171884537,293
9780,-0.06739343702793121,293
9781,-0.048075705766677856,293
9782,-0.13285453617572784,293
9783,0.026779655367136,293
9784,0.0012759706005454063,293
9785,0.00978661235421896,293
9786,7.008493412286043e-05,293
9787,-0.061549112200737,293
9788,-0.009268159046769142,293
9789,-0.010869752615690231,293
9790,-0.059346754103899,293
9791,0.0647813230752945,293
9792,-0.013750854879617691,293
9793,0.01296369917690754,293
9794,-0.01373152807354927,293
9795,-0.01732008531689644,293
9796,-0.10867750644683838,293
9797,0.16123263537883759,293
9798,-0.0033721779473125935,293
9799,-0.09893681108951569,293
9800,-0.01005508378148079,293
9801,-0.018275536596775055,293
9802,-0.06101006269454956,293
9803,-0.11286123096942902,293
9804,0.11697279661893845,293
9805,0.012498735450208187,293
9806,0.004484581761062145,293
9807,-0.06443245708942413,293
9808,-0.12168769538402557,293
9809,0.22341501712799072,293
9810,0.07363177835941315,293
9811,0.001174218486994505,293
9812,0.018211647868156433,293
9813,-0.012385593727231026,293
9814,-8.88630747795105e-05,293
9815,-0.09142061322927475,293
9816,-0.02642263099551201,293
9817,-0.006475931033492088,293
9818,0.14017055928707123,293
9819,0.01917947642505169,293
9820,-0.0002957358956336975,293
9821,0.013323555700480938,293
9822,-0.1144084483385086,293
9823,-0.0014771772548556328,293
9824,-0.014355573803186417,293
9825,-0.23990190029144287,293
9826,-0.16220241785049438,293
9827,0.10533265769481659,293
9828,0.022820373997092247,293
9829,-0.04588163644075394,293
9830,-0.05529963597655296,293
9831,0.20294056832790375,293
9832,-0.025818856433033943,293
9833,-0.5164366960525513,293
9834,-0.2433227300643921,293
9835,-0.033384062349796295,293
9836,-0.006141102872788906,293
9837,-0.043301478028297424,293
9838,-0.04764924198389053,293
9839,-0.002412525238469243,293
9840,-0.009832783602178097,293
9841,-0.01091320812702179,293
9842,-0.00033048648037947714,293
9843,0.04109439626336098,293
9844,0.055360347032547,293
9845,-0.004015178419649601,293
9846,-0.026333998888731003,293
9847,-0.14822016656398773,293
9848,-0.023237714543938637,293
9849,-0.30862945318222046,293
9850,-0.09325043857097626,293
9851,-0.4179442226886749,293
9852,0.0703611671924591,293
9853,0.22049354016780853,293
9854,-0.02505851536989212,293
9855,-0.02000962570309639,293
9856,-0.011681905947625637,293
9857,-0.008076203987002373,293
9858,0.058370016515254974,293
9859,0.07085705548524857,293
9860,-0.11127875745296478,293
9861,0.03139340505003929,293
9862,-0.005395079031586647,293
9863,-0.4599650800228119,293
9864,0.013879016041755676,293
9865,-0.17801061272621155,293
9866,-0.09775575995445251,293
9867,0.1642482578754425,293
9868,0.028723284602165222,293
9869,0.14751920104026794,293
9870,0.015891708433628082,293
9871,-0.00631015095859766,293
9872,-0.06690216064453125,293
9873,-0.01467275433242321,293
9874,-0.02596425637602806,293
9875,-0.007750039920210838,293
9876,0.09917852282524109,293
9877,-0.12915408611297607,293
9878,0.3042333126068115,293
9879,0.017550477758049965,293
9880,0.08733119070529938,293
9881,0.14900408685207367,293
9882,-0.1034747064113617,293
9883,0.2941780388355255,293
9884,-0.2846424877643585,293
9885,-0.4389537572860718,293
9886,-0.018282711505889893,293
9887,0.42461347579956055,293
9888,-0.0020529814064502716,293
9889,-0.02968813106417656,293
9890,0.12005329132080078,293
9891,-0.02486342191696167,293
9892,0.06116720288991928,293
9893,0.05451175197958946,293
9894,-0.7019336819648743,293
9895,-0.018529102206230164,293
9896,0.1766120046377182,293
9897,-0.12290230393409729,293
9898,-0.0016095377504825592,293
9899,0.18704427778720856,293
9900,-0.010457023978233337,293
9901,0.08429203927516937,293
9902,0.13209038972854614,293
9903,-0.04809131473302841,293
9904,0.0507926270365715,293
9905,-0.49505937099456787,293
9906,-0.060927197337150574,293
9907,0.08070050179958344,293
9908,0.5178586840629578,293
9909,-0.06667770445346832,293
9910,-0.005027214530855417,293
9911,-0.042782239615917206,293
9912,-0.08097836375236511,293
9913,0.43093591928482056,293
9914,-0.025694845244288445,293
9915,0.2521803081035614,293
9916,0.11290635168552399,293
9917,0.07624652981758118,293
9918,-0.005409221164882183,293
9919,-0.010441980324685574,293
9920,0.34916985034942627,293
9921,-0.00022260728292167187,293
9922,-0.02583245374262333,293
9923,0.03287819027900696,293
9924,-0.09429381042718887,293
9925,-0.32349586486816406,293
9926,0.06091636046767235,293
9927,0.05638919025659561,293
9928,0.03946131840348244,293
9929,-0.007788747549057007,293
9930,-0.0006869391072541475,293
9931,-0.12329808622598648,293
9932,0.09962012618780136,293
9933,-0.00011742208153009415,293
9934,-0.08108104765415192,293
9935,0.08770325779914856,293
9936,-0.2207217812538147,293
9937,0.2978283166885376,293
9938,0.021655626595020294,293
9939,0.4215019643306732,293
9940,0.28207433223724365,293
9941,-0.19227787852287292,293
9942,-0.0035863928496837616,293
9943,0.0700436681509018,293
9944,0.06529618054628372,293
9945,0.01525133941322565,293
9946,0.11466638743877411,293
9947,-0.8777903318405151,293
9948,-0.0067115481942892075,293
9949,-0.16339588165283203,293
9950,0.025449225679039955,293
9951,-0.12130219489336014,293
9952,-0.1538834124803543,293
9953,-0.07182517647743225,293
9954,-0.0023006852716207504,293
9955,0.050600647926330566,293
9956,-0.059423528611660004,293
9957,0.03542423993349075,293
9958,0.0026470134034752846,293
9959,0.06471550464630127,293
9960,-0.08152519166469574,293
9961,0.11921598017215729,293
9962,0.0014704018831253052,293
9963,-0.013575514778494835,293
9964,-0.48429548740386963,293
9965,0.9168962240219116,293
9966,0.03835263475775719,293
9967,-0.010281731374561787,293
9968,0.009265460073947906,293
9969,-0.376141220331192,293
9970,-0.00519197341054678,293
9971,-0.057322707027196884,293
9972,-0.012495911680161953,293
9973,0.11012133955955505,293
9974,0.057448968291282654,293
9975,-0.02076716721057892,293
9976,-0.04675733670592308,293
9977,-0.05187709629535675,293
9978,0.026233136653900146,293
9979,0.15054118633270264,293
9980,0.04981047287583351,293
9981,-0.023641768842935562,293
9982,-0.031561367213726044,293
9983,0.0056508611887693405,293
9984,0.0023265155032277107,293
9985,0.06489213556051254,293
9986,0.11678244173526764,293
9987,-0.0017440265510231256,293
9988,-0.03632520139217377,293
9989,-0.12417619675397873,293
9990,-0.005354675464332104,293
9991,0.005024251528084278,293
9992,0.017200924456119537,293
9993,0.038005612790584564,293
9994,-0.17044559121131897,293
9995,0.13658884167671204,293
9996,0.0004206155426800251,293
9997,0.10208403319120407,293
9998,0.04957341030240059,293
9999,-0.06939136236906052,293
